0	0
1	2
2	4
3	0
4	1
5	0
6	1
7	1
8	2
9	0
10	0
11	2
12	0
13	0
14	0
15	0
16	0
17	0
18	4
19	0
20	0
21	2
22	1
23	3
24	1
25	0
26	1
27	1
28	1
29	0
30	0
31	1
32	1
33	0
34	1
35	0
36	50
37	2
38	0
39	1
40	0
41	1
42	1
43	1
44	0
45	0
46	0
47	0
48	1
49	0
50	0
51	1
52	1
53	2
54	0
55	0
56	1
57	0
58	2
59	3
60	1
61	0
62	0
63	0
64	0
65	0
66	0
67	0
68	1
69	0
70	1
71	0
72	0
73	0
74	1
75	0
76	0
77	0
78	0
79	1
80	0
81	2
82	2
83	0
84	1
85	0
86	0
87	2
88	0
89	1
90	2
91	2
92	1
93	0
94	1
95	0
96	5
97	1
98	0
99	0
100	1
101	0
102	0
103	1
104	3
105	0
106	3
107	0
108	1
109	1
110	1
111	1
112	0
113	0
114	0
115	0
116	0
117	1
118	0
119	0
120	1
121	1
122	0
123	0
124	1
125	1
126	0
127	0
128	1
129	8
130	1
131	0
132	0
133	1
134	0
135	0
136	1
137	0
138	1
139	2
140	3
141	0
142	0
143	0
144	1
145	0
146	3
147	0
148	0
149	0
150	2
151	1
152	0
153	1
154	0
155	0
156	1
157	0
158	0
159	0
160	0
161	0
162	1
163	0
164	1
165	0
166	0
167	1
168	0
169	0
170	4
171	0
172	1
173	0
174	0
175	0
176	0
177	0
178	0
179	0
180	0
181	1
182	0
183	1
184	0
185	1
186	1
187	0
188	0
189	2
190	0
191	4
192	0
193	0
194	4
195	1
196	0
197	1
198	1
199	0
200	1
201	1
202	1
203	0
204	1
205	0
206	2
207	0
208	0
209	0
210	3
211	3
212	0
213	0
214	0
215	1
216	1
217	0
218	0
219	0
220	0
221	0
222	0
223	0
224	0
225	1
226	1
227	1
228	1
229	1
230	1
231	0
232	2
233	1
234	0
235	0
236	0
237	1
238	0
239	0
240	1
241	0
242	2
243	0
244	0
245	2
246	0
247	1
248	0
249	1
250	1
251	1
252	0
253	4
254	0
255	0
256	0
257	0
258	2
259	0
260	0
261	0
262	2
263	2
264	0
265	4
266	0
267	0
268	0
269	2
270	4
271	0
272	0
273	1
274	0
275	0
276	0
277	0
278	3
279	1
280	1
281	0
282	0
283	0
284	0
285	1
286	1
287	0
288	1
289	0
290	1
291	0
292	0
293	3
294	0
295	1
296	0
297	0
298	0
299	1
300	0
301	0
302	1
303	0
304	0
305	2
306	0
307	0
308	0
309	1
310	1
311	0
312	1
313	0
314	0
315	0
316	1
317	1
318	0
319	2
320	0
321	0
322	0
323	0
324	0
325	0
326	1
327	0
328	0
329	0
330	0
331	1
332	2
333	0
334	0
335	0
336	0
337	1
338	1
339	0
340	0
341	0
342	1
343	1
344	1
345	1
346	1
347	1
348	1
349	0
350	1
351	1
352	1
353	0
354	0
355	0
356	4
357	2
358	0
359	1
360	0
361	1
362	0
363	4
364	0
365	3
366	0
367	0
368	0
369	0
370	1
371	0
372	3
373	0
374	0
375	0
376	2
377	1
378	0
379	0
380	0
381	1
382	1
383	1
384	2
385	0
386	1
387	0
388	0
389	0
390	0
391	1
392	1
393	0
394	1
395	1
396	0
397	0
398	2
399	1
400	0
401	1
402	1
403	0
404	0
405	0
406	1
407	0
408	0
409	0
410	0
411	2
412	0
413	1
414	0
415	0
416	0
417	0
418	0
419	0
420	0
421	0
422	0
423	1
424	0
425	0
426	1
427	0
428	1
429	1
430	1
431	0
432	2
433	1
434	0
435	0
436	0
437	1
438	0
439	4
440	2
441	0
442	0
443	0
444	0
445	0
446	0
447	0
448	1
449	0
450	1
451	2
452	0
453	1
454	2
455	1
456	1
457	0
458	3
459	0
460	3
461	0
462	0
463	1
464	1
465	0
466	2
467	0
468	0
469	7
470	0
471	0
472	2
473	0
474	0
475	0
476	1
477	0
478	0
479	0
480	0
481	1
482	2
483	0
484	0
485	2
486	1
487	1
488	0
489	2
490	0
491	0
492	1
493	1
494	0
495	0
496	0
497	0
498	50
499	0
500	0
501	0
502	0
503	2
504	1
505	1
506	0
507	0
508	0
509	0
510	0
511	1
512	1
513	0
514	3
515	0
516	0
517	3
518	0
519	1
520	0
521	1
522	1
523	0
524	2
525	0
526	4
527	3
528	0
529	1
530	1
531	0
532	0
533	0
534	0
535	0
536	1
537	0
538	0
539	1
540	0
541	0
542	0
543	0
544	2
545	0
546	2
547	0
548	0
549	1
550	3
551	0
552	0
553	0
554	0
555	0
556	2
557	0
558	0
559	0
560	1
561	0
562	0
563	0
564	1
565	1
566	0
567	0
568	0
569	1
570	0
571	2
572	0
573	1
574	2
575	0
576	2
577	1
578	1
579	0
580	1
581	1
582	1
583	1
584	0
585	0
586	0
587	0
588	0
589	0
590	2
591	3
592	0
593	1
594	1
595	0
596	0
597	0
598	0
599	0
600	1
601	0
602	0
603	0
604	1
605	1
606	0
607	0
608	0
609	0
610	3
611	0
612	0
613	1
614	0
615	0
616	0
617	0
618	1
619	1
620	0
621	0
622	0
623	0
624	1
625	0
626	1
627	0
628	0
629	2
630	0
631	1
632	0
633	6
634	0
635	0
636	1
637	0
638	0
639	0
640	0
641	0
642	1
643	0
644	0
645	1
646	1
647	0
648	0
649	1
650	0
651	1
652	0
653	0
654	0
655	3
656	1
657	0
658	2
659	0
660	0
661	0
662	1
663	3
664	4
665	1
666	2
667	0
668	0
669	1
670	0
671	1
672	1
673	0
674	1
675	0
676	0
677	1
678	0
679	1
680	2
681	0
682	1
683	3
684	5
685	0
686	0
687	1
688	1
689	0
690	0
691	2
692	1
693	0
694	0
695	1
696	1
697	1
698	1
699	0
700	3
701	2
702	0
703	0
704	0
705	1
706	0
707	1
708	0
709	1
710	0
711	2
712	0
713	1
714	1
715	1
716	0
717	1
718	2
719	2
720	0
721	1
722	0
723	3
724	0
725	0
726	0
727	0
728	1
729	0
730	0
731	0
732	2
733	0
734	0
735	0
736	0
737	0
738	0
739	0
740	2
741	3
742	0
743	0
744	4
745	1
746	0
747	0
748	0
749	0
750	0
751	0
752	0
753	0
754	1
755	0
756	2
757	0
758	0
759	0
760	2
761	0
762	1
763	1
764	2
765	0
766	0
767	2
768	0
769	0
770	0
771	1
772	0
773	8
774	3
775	1
776	0
777	1
778	1
779	0
780	3
781	0
782	0
783	0
784	3
785	1
786	1
787	5
788	0
789	0
790	1
791	0
792	1
793	1
794	0
795	1
796	0
797	3
798	0
799	3
800	0
801	1
802	0
803	1
804	1
805	0
806	9
807	2
808	0
809	1
810	2
811	0
812	2
813	2
814	0
815	2
816	1
817	0
818	0
819	0
820	0
821	1
822	1
823	0
824	0
825	0
826	1
827	1
828	0
829	4
830	1
831	0
832	1
833	1
834	0
835	1
836	0
837	1
838	1
839	0
840	2
841	0
842	2
843	0
844	1
845	0
846	1
847	0
848	0
849	2
850	1
851	0
852	0
853	0
854	0
855	1
856	0
857	0
858	0
859	0
860	1
861	0
862	0
863	0
864	1
865	1
866	0
867	2
868	0
869	0
870	0
871	5
872	1
873	0
874	1
875	0
876	2
877	0
878	1
879	0
880	0
881	1
882	0
883	1
884	0
885	2
886	1
887	1
888	0
889	0
890	0
891	5
892	0
893	50
894	0
895	0
896	0
897	0
898	0
899	0
900	0
901	0
902	0
903	0
904	2
905	3
906	1
907	1
908	0
909	1
910	3
911	0
912	0
913	2
914	0
915	1
916	0
917	1
918	6
919	0
920	1
921	0
922	0
923	0
924	0
925	0
926	0
927	0
928	0
929	1
930	0
931	1
932	0
933	0
934	0
935	0
936	5
937	0
938	1
939	4
940	2
941	0
942	0
943	0
944	2
945	1
946	0
947	1
948	1
949	0
950	1
951	1
952	0
953	2
954	0
955	0
956	0
957	1
958	1
959	0
960	1
961	1
962	6
963	1
964	4
965	4
966	1
967	3
968	2
969	1
970	0
971	0
972	0
973	0
974	0
975	0
976	3
977	0
978	0
979	0
980	0
981	1
982	0
983	1
984	0
985	0
986	1
987	0
988	0
989	0
990	0
991	2
992	1
993	0
994	0
995	0
996	0
997	1
998	1
999	0
1000	0
1001	1
1002	0
1003	0
1004	0
1005	1
1006	1
1007	2
1008	0
1009	0
1010	1
1011	0
1012	0
1013	0
1014	0
1015	3
1016	2
1017	0
1018	2
1019	1
1020	2
1021	0
1022	0
1023	0
1024	2
1025	0
1026	1
1027	1
1028	1
1029	0
1030	0
1031	0
1032	0
1033	0
1034	0
1035	1
1036	1
1037	0
1038	0
1039	1
1040	1
1041	1
1042	2
1043	2
1044	0
1045	2
1046	0
1047	0
1048	1
1049	0
1050	0
1051	0
1052	5
1053	0
1054	0
1055	0
1056	4
1057	0
1058	1
1059	0
1060	0
1061	2
1062	0
1063	1
1064	6
1065	1
1066	1
1067	0
1068	1
1069	1
1070	0
1071	0
1072	1
1073	1
1074	0
1075	0
1076	0
1077	50
1078	0
1079	1
1080	0
1081	0
1082	0
1083	0
1084	0
1085	4
1086	3
1087	2
1088	1
1089	1
1090	1
1091	2
1092	0
1093	0
1094	0
1095	0
1096	1
1097	0
1098	1
1099	0
1100	0
1101	0
1102	2
1103	1
1104	0
1105	0
1106	2
1107	1
1108	0
1109	0
1110	0
1111	0
1112	0
1113	0
1114	0
1115	0
1116	0
1117	0
1118	3
1119	1
1120	0
1121	1
1122	0
1123	0
1124	2
1125	1
1126	0
1127	1
1128	1
1129	0
1130	3
1131	1
1132	0
1133	2
1134	0
1135	3
1136	0
1137	1
1138	0
1139	2
1140	3
1141	0
1142	0
1143	2
1144	1
1145	1
1146	1
1147	0
1148	0
1149	0
1150	0
1151	1
1152	0
1153	0
1154	2
1155	2
1156	0
1157	1
1158	0
1159	0
1160	0
1161	0
1162	0
1163	0
1164	2
1165	0
1166	0
1167	2
1168	2
1169	0
1170	3
1171	0
1172	2
1173	1
1174	0
1175	0
1176	2
1177	0
1178	0
1179	2
1180	0
1181	0
1182	0
1183	0
1184	1
1185	0
1186	0
1187	1
1188	0
1189	3
1190	1
1191	7
1192	0
1193	1
1194	1
1195	0
1196	1
1197	3
1198	0
1199	1
1200	0
1201	0
1202	0
1203	1
1204	3
1205	0
1206	2
1207	0
1208	1
1209	0
1210	0
1211	0
1212	0
1213	0
1214	2
1215	1
1216	2
1217	0
1218	1
1219	0
1220	0
1221	0
1222	0
1223	0
1224	0
1225	0
1226	0
1227	0
1228	0
1229	0
1230	0
1231	1
1232	1
1233	0
1234	0
1235	1
1236	1
1237	3
1238	0
1239	0
1240	0
1241	0
1242	0
1243	1
1244	0
1245	1
1246	1
1247	1
1248	1
1249	0
1250	0
1251	0
1252	0
1253	0
1254	0
1255	2
1256	0
1257	0
1258	3
1259	1
1260	1
1261	1
1262	0
1263	0
1264	0
1265	0
1266	0
1267	0
1268	0
1269	0
1270	2
1271	0
1272	1
1273	1
1274	0
1275	0
1276	0
1277	1
1278	0
1279	0
1280	0
1281	0
1282	0
1283	0
1284	3
1285	0
1286	1
1287	0
1288	0
1289	0
1290	0
1291	0
1292	0
1293	0
1294	0
1295	1
1296	0
1297	0
1298	1
1299	3
1300	0
1301	0
1302	1
1303	0
1304	0
1305	0
1306	1
1307	0
1308	2
1309	0
1310	0
1311	1
1312	2
1313	0
1314	0
1315	2
1316	1
1317	4
1318	0
1319	1
1320	3
1321	2
1322	1
1323	0
1324	0
1325	3
1326	1
1327	0
1328	0
1329	0
1330	2
1331	0
1332	0
1333	0
1334	0
1335	0
1336	2
1337	3
1338	0
1339	0
1340	0
1341	0
1342	0
1343	1
1344	1
1345	0
1346	4
1347	2
1348	0
1349	0
1350	0
1351	0
1352	1
1353	0
1354	0
1355	2
1356	0
1357	2
1358	2
1359	2
1360	0
1361	4
1362	0
1363	0
1364	1
1365	3
1366	2
1367	1
1368	0
1369	0
1370	0
1371	2
1372	2
1373	2
1374	0
1375	3
1376	1
1377	2
1378	0
1379	2
1380	0
1381	0
1382	0
1383	0
1384	0
1385	0
1386	0
1387	0
1388	0
1389	0
1390	0
1391	0
1392	0
1393	1
1394	0
1395	0
1396	1
1397	0
1398	0
1399	2
1400	2
1401	1
1402	0
1403	0
1404	0
1405	3
1406	0
1407	0
1408	0
1409	0
1410	0
1411	1
1412	0
1413	0
1414	0
1415	2
1416	2
1417	1
1418	0
1419	1
1420	1
1421	0
1422	1
1423	0
1424	0
1425	0
1426	3
1427	0
1428	0
1429	1
1430	15
1431	0
1432	0
1433	1
1434	2
1435	0
1436	0
1437	2
1438	0
1439	0
1440	1
1441	2
1442	3
1443	0
1444	2
1445	4
1446	0
1447	0
1448	0
1449	0
1450	0
1451	1
1452	0
1453	1
1454	0
1455	0
1456	3
1457	1
1458	0
1459	0
1460	0
1461	4
1462	0
1463	2
1464	0
1465	0
1466	1
1467	0
1468	1
1469	0
1470	0
1471	2
1472	0
1473	1
1474	1
1475	0
1476	0
1477	0
1478	0
1479	0
1480	1
1481	5
1482	1
1483	0
1484	0
1485	0
1486	0
1487	0
1488	0
1489	0
1490	3
1491	0
1492	0
1493	0
1494	0
1495	0
1496	3
1497	1
1498	0
1499	0
1500	0
1501	0
1502	5
1503	3
1504	5
1505	1
1506	1
1507	0
1508	1
1509	2
1510	2
1511	0
1512	2
1513	1
1514	1
1515	0
1516	3
1517	0
1518	1
1519	5
1520	1
1521	0
1522	1
1523	0
1524	4
1525	1
1526	1
1527	5
1528	0
1529	3
1530	0
1531	0
1532	0
1533	4
1534	0
1535	0
1536	0
1537	0
1538	3
1539	0
1540	4
1541	1
1542	1
1543	5
1544	1
1545	0
1546	0
1547	0
1548	0
1549	0
1550	1
1551	0
1552	0
1553	0
1554	1
1555	0
1556	0
1557	0
1558	0
1559	0
1560	1
1561	0
1562	0
1563	1
1564	0
1565	0
1566	2
1567	0
1568	0
1569	0
1570	4
1571	2
1572	0
1573	0
1574	5
1575	0
1576	0
1577	2
1578	3
1579	2
1580	0
1581	0
1582	0
1583	0
1584	0
1585	1
1586	3
1587	0
1588	1
1589	0
1590	1
1591	0
1592	0
1593	0
1594	0
1595	1
1596	0
1597	0
1598	1
1599	1
1600	0
1601	0
1602	3
1603	1
1604	1
1605	3
1606	0
1607	1
1608	1
1609	1
1610	0
1611	0
1612	6
1613	1
1614	0
1615	1
1616	1
1617	1
1618	3
1619	1
1620	3
1621	0
1622	0
1623	1
1624	1
1625	0
1626	0
1627	2
1628	0
1629	1
1630	1
1631	0
1632	1
1633	1
1634	2
1635	0
1636	2
1637	0
1638	2
1639	0
1640	0
1641	1
1642	0
1643	0
1644	1
1645	0
1646	0
1647	0
1648	1
1649	0
1650	4
1651	2
1652	3
1653	4
1654	0
1655	0
1656	0
1657	0
1658	0
1659	0
1660	0
1661	0
1662	0
1663	1
1664	1
1665	1
1666	1
1667	0
1668	4
1669	1
1670	0
1671	0
1672	0
1673	1
1674	1
1675	0
1676	0
1677	0
1678	0
1679	0
1680	0
1681	1
1682	0
1683	0
1684	2
1685	0
1686	1
1687	0
1688	2
1689	0
1690	0
1691	1
1692	0
1693	0
1694	4
1695	1
1696	0
1697	0
1698	2
1699	0
1700	0
1701	0
1702	0
1703	1
1704	1
1705	1
1706	2
1707	1
1708	1
1709	2
1710	1
1711	0
1712	0
1713	5
1714	0
1715	0
1716	1
1717	2
1718	1
1719	1
1720	0
1721	1
1722	1
1723	0
1724	0
1725	0
1726	1
1727	0
1728	2
1729	0
1730	0
1731	8
1732	0
1733	0
1734	0
1735	1
1736	1
1737	1
1738	1
1739	0
1740	0
1741	1
1742	0
1743	3
1744	3
1745	0
1746	1
1747	0
1748	0
1749	0
1750	4
1751	1
1752	0
1753	0
1754	2
1755	4
1756	0
1757	1
1758	0
1759	0
1760	0
1761	1
1762	1
1763	0
1764	0
1765	1
1766	1
1767	1
1768	4
1769	0
1770	5
1771	0
1772	0
1773	0
1774	1
1775	0
1776	1
1777	0
1778	1
1779	1
1780	1
1781	1
1782	0
1783	1
1784	0
1785	0
1786	0
1787	1
1788	1
1789	0
1790	1
1791	0
1792	1
1793	2
1794	0
1795	5
1796	0
1797	0
1798	3
1799	1
1800	0
1801	2
1802	1
1803	1
1804	0
1805	0
1806	1
1807	0
1808	2
1809	2
1810	0
1811	0
1812	0
1813	0
1814	2
1815	0
1816	0
1817	1
1818	0
1819	0
1820	1
1821	0
1822	0
1823	0
1824	0
1825	5
1826	0
1827	6
1828	0
1829	2
1830	1
1831	0
1832	0
1833	1
1834	4
1835	1
1836	0
1837	2
1838	1
1839	1
1840	1
1841	0
1842	0
1843	1
1844	1
1845	1
1846	0
1847	1
1848	2
1849	0
1850	0
1851	1
1852	3
1853	2
1854	2
1855	0
1856	1
1857	0
1858	0
1859	0
1860	0
1861	1
1862	2
1863	0
1864	1
1865	0
1866	3
1867	0
1868	0
1869	0
1870	1
1871	0
1872	4
1873	1
1874	0
1875	1
1876	1
1877	0
1878	0
1879	0
1880	0
1881	0
1882	3
1883	1
1884	2
1885	3
1886	1
1887	0
1888	0
1889	1
1890	6
1891	0
1892	0
1893	0
1894	2
1895	0
1896	0
1897	0
1898	1
1899	1
1900	1
1901	1
1902	0
1903	2
1904	0
1905	1
1906	0
1907	0
1908	0
1909	0
1910	2
1911	0
1912	1
1913	2
1914	1
1915	0
1916	1
1917	0
1918	0
1919	1
1920	1
1921	0
1922	0
1923	0
1924	0
1925	0
1926	2
1927	0
1928	0
1929	0
1930	2
1931	1
1932	0
1933	3
1934	0
1935	0
1936	2
1937	0
1938	5
1939	1
1940	0
1941	1
1942	0
1943	0
1944	0
1945	1
1946	2
1947	2
1948	0
1949	0
1950	0
1951	2
1952	0
1953	4
1954	0
1955	2
1956	1
1957	2
1958	0
1959	0
1960	0
1961	1
1962	0
1963	0
1964	0
1965	0
1966	1
1967	1
1968	0
1969	0
1970	1
1971	0
1972	1
1973	0
1974	1
1975	1
1976	0
1977	0
1978	0
1979	2
1980	2
1981	1
1982	0
1983	2
1984	0
1985	0
1986	0
1987	0
1988	0
1989	0
1990	0
1991	0
1992	0
1993	1
1994	3
1995	0
1996	0
1997	0
1998	1
1999	1
2000	0
2001	0
2002	0
2003	0
2004	3
2005	1
2006	0
2007	4
2008	0
2009	0
2010	6
2011	0
2012	1
2013	2
2014	0
2015	2
2016	1
2017	1
2018	2
2019	1
2020	0
2021	0
2022	0
2023	1
2024	5
2025	0
2026	1
2027	0
2028	0
2029	0
2030	0
2031	0
2032	1
2033	1
2034	0
2035	0
2036	1
2037	1
2038	4
2039	0
2040	1
2041	0
2042	4
2043	0
2044	0
2045	4
2046	1
2047	0
2048	1
2049	1
2050	1
2051	0
2052	2
2053	0
2054	0
2055	0
2056	1
2057	1
2058	2
2059	0
2060	0
2061	0
2062	0
2063	0
2064	3
2065	0
2066	1
2067	0
2068	2
2069	1
2070	0
2071	0
2072	0
2073	0
2074	2
2075	3
2076	1
2077	1
2078	0
2079	0
2080	1
2081	0
2082	1
2083	0
2084	1
2085	0
2086	1
2087	0
2088	0
2089	0
2090	1
2091	0
2092	2
2093	0
2094	0
2095	0
2096	0
2097	0
2098	2
2099	0
2100	0
2101	0
2102	0
2103	0
2104	1
2105	2
2106	1
2107	0
2108	0
2109	0
2110	0
2111	0
2112	0
2113	0
2114	0
2115	1
2116	0
2117	0
2118	2
2119	1
2120	0
2121	0
2122	0
2123	0
2124	0
2125	0
2126	1
2127	1
2128	0
2129	0
2130	1
2131	0
2132	0
2133	0
2134	2
2135	0
2136	0
2137	2
2138	0
2139	0
2140	0
2141	2
2142	2
2143	1
2144	0
2145	2
2146	0
2147	1
2148	1
2149	1
2150	0
2151	2
2152	0
2153	0
2154	1
2155	0
2156	0
2157	1
2158	0
2159	1
2160	0
2161	1
2162	0
2163	1
2164	1
2165	0
2166	1
2167	3
2168	0
2169	0
2170	1
2171	1
2172	0
2173	0
2174	0
2175	8
2176	0
2177	0
2178	2
2179	1
2180	7
2181	0
2182	1
2183	1
2184	0
2185	0
2186	1
2187	2
2188	0
2189	0
2190	1
2191	0
2192	2
2193	0
2194	0
2195	0
2196	0
2197	2
2198	1
2199	1
2200	0
2201	0
2202	0
2203	0
2204	1
2205	1
2206	0
2207	0
2208	0
2209	4
2210	1
2211	0
2212	0
2213	0
2214	1
2215	7
2216	3
2217	0
2218	1
2219	1
2220	1
2221	0
2222	6
2223	1
2224	3
2225	0
2226	3
2227	0
2228	1
2229	0
2230	0
2231	2
2232	0
2233	0
2234	0
2235	1
2236	6
2237	1
2238	1
2239	2
2240	2
2241	3
2242	0
2243	0
2244	3
2245	0
2246	1
2247	0
2248	0
2249	1
2250	1
2251	0
2252	0
2253	1
2254	2
2255	1
2256	4
2257	0
2258	0
2259	0
2260	1
2261	2
2262	0
2263	0
2264	0
2265	0
2266	0
2267	2
2268	0
2269	4
2270	0
2271	0
2272	1
2273	2
2274	2
2275	2
2276	5
2277	3
2278	5
2279	0
2280	5
2281	0
2282	0
2283	8
2284	0
2285	0
2286	0
2287	0
2288	2
2289	0
2290	0
2291	5
2292	0
2293	0
2294	0
2295	1
2296	2
2297	2
2298	2
2299	1
2300	2
2301	3
2302	0
2303	0
2304	0
2305	0
2306	0
2307	1
2308	2
2309	1
2310	6
2311	0
2312	0
2313	0
2314	2
2315	4
2316	0
2317	0
2318	1
2319	2
2320	5
2321	2
2322	0
2323	1
2324	1
2325	1
2326	1
2327	2
2328	2
2329	6
2330	2
2331	0
2332	4
2333	0
2334	0
2335	1
2336	0
2337	0
2338	0
2339	0
2340	0
2341	0
2342	0
2343	0
2344	0
2345	2
2346	0
2347	1
2348	2
2349	0
2350	0
2351	3
2352	0
2353	0
2354	2
2355	3
2356	2
2357	5
2358	0
2359	50
2360	4
2361	1
2362	1
2363	0
2364	4
2365	0
2366	4
2367	1
2368	0
2369	0
2370	7
2371	1
2372	0
2373	1
2374	0
2375	1
2376	0
2377	0
2378	0
2379	4
2380	0
2381	1
2382	2
2383	0
2384	5
2385	0
2386	2
2387	2
2388	3
2389	0
2390	2
2391	2
2392	0
2393	0
2394	0
2395	0
2396	2
2397	0
2398	0
2399	3
2400	1
2401	0
2402	0
2403	0
2404	0
2405	0
2406	3
2407	2
2408	2
2409	1
2410	1
2411	3
2412	2
2413	0
2414	2
2415	0
2416	1
2417	0
2418	1
2419	0
2420	0
2421	5
2422	1
2423	0
2424	2
2425	1
2426	0
2427	50
2428	1
2429	0
2430	1
2431	1
2432	0
2433	1
2434	0
2435	1
2436	0
2437	2
2438	1
2439	0
2440	0
2441	0
2442	0
2443	0
2444	1
2445	0
2446	0
2447	0
2448	0
2449	2
2450	2
2451	0
2452	1
2453	0
2454	0
2455	2
2456	2
2457	1
2458	0
2459	1
2460	1
2461	0
2462	4
2463	0
2464	0
2465	1
2466	0
2467	2
2468	0
2469	1
2470	0
2471	0
2472	0
2473	3
2474	2
2475	0
2476	0
2477	2
2478	1
2479	0
2480	0
2481	0
2482	0
2483	0
2484	0
2485	1
2486	2
2487	0
2488	1
2489	1
2490	4
2491	4
2492	2
2493	0
2494	0
2495	0
2496	4
2497	3
2498	3
2499	0
2500	1
2501	1
2502	0
2503	2
2504	0
2505	0
2506	2
2507	1
2508	5
2509	0
2510	2
2511	1
2512	0
2513	0
2514	0
2515	0
2516	2
2517	0
2518	6
2519	4
2520	0
2521	0
2522	1
2523	0
2524	3
2525	2
2526	6
2527	0
2528	1
2529	0
2530	0
2531	1
2532	3
2533	0
2534	0
2535	0
2536	0
2537	1
2538	1
2539	1
2540	4
2541	0
2542	1
2543	0
2544	0
2545	0
2546	0
2547	1
2548	1
2549	0
2550	3
2551	0
2552	8
2553	0
2554	4
2555	7
2556	3
2557	0
2558	1
2559	0
2560	0
2561	0
2562	0
2563	1
2564	0
2565	0
2566	0
2567	0
2568	0
2569	1
2570	2
2571	1
2572	0
2573	3
2574	0
2575	0
2576	0
2577	1
2578	1
2579	0
2580	0
2581	0
2582	1
2583	0
2584	2
2585	1
2586	0
2587	0
2588	0
2589	0
2590	0
2591	0
2592	0
2593	0
2594	0
2595	0
2596	0
2597	2
2598	0
2599	11
2600	0
2601	0
2602	1
2603	3
2604	2
2605	0
2606	5
2607	0
2608	0
2609	0
2610	0
2611	1
2612	0
2613	0
2614	1
2615	0
2616	0
2617	0
2618	0
2619	0
2620	4
2621	0
2622	0
2623	1
2624	2
2625	2
2626	4
2627	0
2628	0
2629	1
2630	0
2631	1
2632	0
2633	2
2634	2
2635	0
2636	4
2637	1
2638	1
2639	1
2640	0
2641	1
2642	0
2643	0
2644	1
2645	2
2646	0
2647	0
2648	1
2649	3
2650	0
2651	0
2652	0
2653	0
2654	1
2655	0
2656	2
2657	0
2658	3
2659	3
2660	1
2661	1
2662	1
2663	0
2664	1
2665	0
2666	1
2667	1
2668	2
2669	1
2670	1
2671	0
2672	0
2673	0
2674	0
2675	0
2676	0
2677	2
2678	0
2679	1
2680	2
2681	3
2682	1
2683	0
2684	1
2685	1
2686	0
2687	3
2688	3
2689	1
2690	0
2691	1
2692	1
2693	0
2694	1
2695	0
2696	0
2697	0
2698	2
2699	1
2700	1
2701	1
2702	0
2703	1
2704	0
2705	0
2706	0
2707	0
2708	0
2709	0
2710	4
2711	0
2712	0
2713	1
2714	0
2715	0
2716	0
2717	1
2718	0
2719	0
2720	0
2721	5
2722	0
2723	1
2724	1
2725	0
2726	0
2727	0
2728	0
2729	0
2730	4
2731	0
2732	3
2733	4
2734	0
2735	2
2736	0
2737	1
2738	0
2739	1
2740	1
2741	1
2742	1
2743	0
2744	3
2745	4
2746	1
2747	0
2748	0
2749	0
2750	0
2751	0
2752	2
2753	1
2754	0
2755	0
2756	0
2757	0
2758	1
2759	0
2760	0
2761	6
2762	2
2763	0
2764	0
2765	0
2766	0
2767	0
2768	1
2769	0
2770	0
2771	0
2772	0
2773	2
2774	0
2775	0
2776	5
2777	0
2778	0
2779	0
2780	0
2781	0
2782	0
2783	1
2784	0
2785	3
2786	0
2787	0
2788	0
2789	0
2790	1
2791	50
2792	0
2793	1
2794	1
2795	0
2796	0
2797	1
2798	0
2799	1
2800	0
2801	1
2802	0
2803	1
2804	1
2805	8
2806	1
2807	0
2808	1
2809	0
2810	0
2811	0
2812	0
2813	1
2814	0
2815	0
2816	1
2817	2
2818	1
2819	4
2820	2
2821	1
2822	0
2823	0
2824	1
2825	1
2826	0
2827	0
2828	1
2829	1
2830	0
2831	0
2832	0
2833	0
2834	1
2835	2
2836	2
2837	0
2838	0
2839	0
2840	1
2841	0
2842	0
2843	2
2844	1
2845	0
2846	1
2847	0
2848	0
2849	1
2850	1
2851	0
2852	0
2853	1
2854	1
2855	0
2856	1
2857	0
2858	3
2859	0
2860	3
2861	0
2862	1
2863	0
2864	2
2865	0
2866	2
2867	0
2868	0
2869	1
2870	0
2871	1
2872	0
2873	0
2874	0
2875	4
2876	0
2877	0
2878	1
2879	1
2880	0
2881	0
2882	0
2883	0
2884	0
2885	7
2886	0
2887	1
2888	0
2889	0
2890	2
2891	2
2892	0
2893	4
2894	0
2895	0
2896	0
2897	0
2898	0
2899	1
2900	0
2901	5
2902	1
2903	0
2904	2
2905	0
2906	0
2907	0
2908	0
2909	2
2910	0
2911	6
2912	0
2913	1
2914	0
2915	6
2916	2
2917	0
2918	0
2919	1
2920	0
2921	1
2922	2
2923	0
2924	0
2925	0
2926	0
2927	0
2928	1
2929	4
2930	1
2931	2
2932	0
2933	0
2934	1
2935	0
2936	0
2937	3
2938	2
2939	0
2940	3
2941	3
2942	1
2943	0
2944	1
2945	1
2946	0
2947	0
2948	0
2949	0
2950	0
2951	4
2952	0
2953	0
2954	3
2955	5
2956	0
2957	3
2958	1
2959	0
2960	1
2961	2
2962	0
2963	0
2964	0
2965	1
2966	2
2967	1
2968	0
2969	0
2970	0
2971	1
2972	0
2973	2
2974	2
2975	1
2976	1
2977	0
2978	0
2979	0
2980	1
2981	1
2982	2
2983	0
2984	5
2985	0
2986	0
2987	1
2988	0
2989	2
2990	1
2991	0
2992	1
2993	0
2994	0
2995	1
2996	0
2997	0
2998	1
2999	0
3000	0
3001	0
3002	1
3003	0
3004	4
3005	0
3006	0
3007	1
3008	0
3009	2
3010	3
3011	1
3012	1
3013	0
3014	0
3015	0
3016	1
3017	1
3018	0
3019	4
3020	2
3021	0
3022	0
3023	2
3024	2
3025	0
3026	0
3027	0
3028	1
3029	1
3030	1
3031	0
3032	0
3033	0
3034	0
3035	1
3036	0
3037	1
3038	4
3039	1
3040	1
3041	1
3042	0
3043	6
3044	0
3045	0
3046	5
3047	1
3048	0
3049	0
3050	1
3051	1
3052	0
3053	2
3054	3
3055	2
3056	0
3057	2
3058	2
3059	1
3060	1
3061	0
3062	1
3063	1
3064	0
3065	0
3066	0
3067	0
3068	4
3069	0
3070	1
3071	0
3072	3
3073	0
3074	0
3075	0
3076	0
3077	1
3078	1
3079	1
3080	1
3081	2
3082	1
3083	0
3084	1
3085	0
3086	0
3087	0
3088	2
3089	0
3090	1
3091	1
3092	1
3093	0
3094	1
3095	2
3096	0
3097	0
3098	3
3099	2
3100	0
3101	1
3102	1
3103	0
3104	1
3105	2
3106	0
3107	0
3108	1
3109	0
3110	0
3111	0
3112	1
3113	0
3114	1
3115	0
3116	1
3117	0
3118	0
3119	0
3120	0
3121	0
3122	1
3123	1
3124	1
3125	0
3126	1
3127	0
3128	3
3129	0
3130	4
3131	0
3132	2
3133	0
3134	3
3135	1
3136	0
3137	2
3138	4
3139	0
3140	0
3141	0
3142	1
3143	0
3144	0
3145	1
3146	0
3147	0
3148	0
3149	0
3150	0
3151	3
3152	0
3153	1
3154	0
3155	0
3156	0
3157	1
3158	1
3159	0
3160	0
3161	0
3162	0
3163	0
3164	1
3165	0
3166	0
3167	0
3168	0
3169	0
3170	1
3171	2
3172	0
3173	0
3174	0
3175	2
3176	1
3177	1
3178	0
3179	0
3180	0
3181	0
3182	0
3183	0
3184	0
3185	3
3186	1
3187	1
3188	0
3189	3
3190	0
3191	0
3192	0
3193	0
3194	3
3195	0
3196	0
3197	2
3198	0
3199	0
3200	3
3201	0
3202	4
3203	0
3204	0
3205	1
3206	0
3207	2
3208	0
3209	0
3210	0
3211	0
3212	3
3213	1
3214	0
3215	0
3216	0
3217	0
3218	0
3219	1
3220	1
3221	0
3222	2
3223	1
3224	3
3225	0
3226	0
3227	2
3228	2
3229	0
3230	1
3231	0
3232	0
3233	1
3234	2
3235	3
3236	7
3237	0
3238	0
3239	1
3240	0
3241	1
3242	4
3243	1
3244	1
3245	0
3246	0
3247	0
3248	0
3249	4
3250	0
3251	0
3252	1
3253	1
3254	0
3255	3
3256	3
3257	0
3258	0
3259	2
3260	3
3261	0
3262	0
3263	0
3264	5
3265	2
3266	0
3267	0
3268	0
3269	1
3270	1
3271	0
3272	4
3273	0
3274	0
3275	0
3276	0
3277	1
3278	1
3279	0
3280	3
3281	0
3282	2
3283	0
3284	0
3285	0
3286	0
3287	0
3288	4
3289	5
3290	0
3291	1
3292	1
3293	5
3294	0
3295	2
3296	0
3297	0
3298	0
3299	1
3300	0
3301	0
3302	3
3303	0
3304	3
3305	0
3306	4
3307	0
3308	0
3309	0
3310	0
3311	0
3312	0
3313	0
3314	2
3315	0
3316	1
3317	0
3318	0
3319	0
3320	1
3321	1
3322	2
3323	3
3324	3
3325	0
3326	0
3327	2
3328	1
3329	1
3330	0
3331	3
3332	0
3333	2
3334	1
3335	1
3336	2
3337	0
3338	5
3339	0
3340	4
3341	0
3342	1
3343	1
3344	0
3345	5
3346	0
3347	0
3348	0
3349	0
3350	0
3351	0
3352	1
3353	2
3354	0
3355	0
3356	1
3357	0
3358	5
3359	2
3360	0
3361	0
3362	0
3363	0
3364	1
3365	1
3366	0
3367	3
3368	2
3369	2
3370	2
3371	0
3372	3
3373	1
3374	0
3375	0
3376	0
3377	0
3378	1
3379	3
3380	0
3381	3
3382	0
3383	1
3384	1
3385	0
3386	3
3387	1
3388	1
3389	0
3390	5
3391	0
3392	0
3393	5
3394	0
3395	0
3396	1
3397	5
3398	2
3399	0
3400	0
3401	1
3402	0
3403	0
3404	0
3405	0
3406	1
3407	2
3408	2
3409	1
3410	0
3411	0
3412	2
3413	1
3414	1
3415	0
3416	0
3417	3
3418	2
3419	2
3420	0
3421	1
3422	0
3423	1
3424	2
3425	0
3426	0
3427	1
3428	3
3429	0
3430	1
3431	0
3432	0
3433	0
3434	1
3435	6
3436	1
3437	1
3438	50
3439	1
3440	1
3441	1
3442	2
3443	0
3444	2
3445	0
3446	1
3447	2
3448	0
3449	1
3450	1
3451	0
3452	8
3453	0
3454	0
3455	0
3456	0
3457	0
3458	0
3459	0
3460	3
3461	1
3462	1
3463	4
3464	0
3465	0
3466	0
3467	0
3468	0
3469	2
3470	1
3471	0
3472	2
3473	0
3474	0
3475	0
3476	0
3477	3
3478	0
3479	1
3480	0
3481	0
3482	0
3483	4
3484	0
3485	1
3486	0
3487	0
3488	2
3489	1
3490	1
3491	4
3492	0
3493	0
3494	0
3495	0
3496	0
3497	8
3498	1
3499	2
3500	3
3501	0
3502	0
3503	1
3504	3
3505	0
3506	3
3507	0
3508	1
3509	1
3510	1
3511	3
3512	0
3513	0
3514	0
3515	0
3516	3
3517	0
3518	0
3519	1
3520	1
3521	2
3522	6
3523	0
3524	1
3525	0
3526	2
3527	0
3528	2
3529	1
3530	0
3531	0
3532	5
3533	0
3534	4
3535	0
3536	0
3537	1
3538	1
3539	0
3540	0
3541	1
3542	0
3543	0
3544	1
3545	1
3546	1
3547	0
3548	0
3549	4
3550	2
3551	0
3552	0
3553	0
3554	1
3555	1
3556	1
3557	0
3558	1
3559	2
3560	2
3561	0
3562	0
3563	1
3564	5
3565	0
3566	0
3567	0
3568	2
3569	0
3570	0
3571	0
3572	1
3573	0
3574	4
3575	2
3576	1
3577	0
3578	1
3579	0
3580	8
3581	10
3582	1
3583	1
3584	0
3585	1
3586	0
3587	3
3588	1
3589	2
3590	0
3591	0
3592	1
3593	0
3594	1
3595	0
3596	1
3597	2
3598	2
3599	0
3600	2
3601	0
3602	0
3603	0
3604	0
3605	1
3606	1
3607	1
3608	1
3609	1
3610	0
3611	1
3612	2
3613	1
3614	0
3615	1
3616	0
3617	1
3618	0
3619	0
3620	1
3621	1
3622	0
3623	0
3624	0
3625	0
3626	0
3627	0
3628	0
3629	4
3630	0
3631	0
3632	0
3633	1
3634	0
3635	2
3636	1
3637	0
3638	2
3639	0
3640	2
3641	6
3642	0
3643	1
3644	1
3645	0
3646	0
3647	1
3648	0
3649	1
3650	0
3651	0
3652	0
3653	1
3654	0
3655	1
3656	0
3657	50
3658	6
3659	0
3660	1
3661	1
3662	2
3663	0
3664	2
3665	0
3666	2
3667	1
3668	1
3669	0
3670	1
3671	0
3672	0
3673	1
3674	1
3675	1
3676	0
3677	3
3678	0
3679	0
3680	0
3681	0
3682	1
3683	0
3684	2
3685	0
3686	0
3687	0
3688	2
3689	0
3690	0
3691	0
3692	0
3693	0
3694	0
3695	0
3696	4
3697	1
3698	3
3699	1
3700	0
3701	0
3702	0
3703	0
3704	1
3705	3
3706	0
3707	0
3708	0
3709	0
3710	5
3711	0
3712	5
3713	6
3714	1
3715	0
3716	5
3717	1
3718	1
3719	1
3720	2
3721	0
3722	3
3723	0
3724	6
3725	0
3726	0
3727	2
3728	0
3729	4
3730	6
3731	5
3732	0
3733	0
3734	3
3735	0
3736	2
3737	0
3738	0
3739	2
3740	2
3741	1
3742	0
3743	6
3744	4
3745	0
3746	2
3747	0
3748	0
3749	5
3750	0
3751	1
3752	0
3753	1
3754	0
3755	1
3756	1
3757	0
3758	0
3759	1
3760	1
3761	0
3762	2
3763	6
3764	0
3765	0
3766	1
3767	0
3768	0
3769	4
3770	1
3771	0
3772	0
3773	0
3774	0
3775	0
3776	1
3777	0
3778	50
3779	0
3780	0
3781	0
3782	0
3783	5
3784	2
3785	1
3786	1
3787	2
3788	0
3789	1
3790	0
3791	0
3792	6
3793	0
3794	0
3795	2
3796	0
3797	0
3798	0
3799	8
3800	0
3801	2
3802	2
3803	3
3804	0
3805	3
3806	5
3807	3
3808	0
3809	0
3810	7
3811	0
3812	0
3813	3
3814	0
3815	3
3816	0
3817	4
3818	0
3819	1
3820	1
3821	3
3822	2
3823	1
3824	0
3825	0
3826	0
3827	0
3828	1
3829	0
3830	1
3831	0
3832	1
3833	5
3834	0
3835	1
3836	0
3837	1
3838	0
3839	0
3840	0
3841	1
3842	0
3843	0
3844	2
3845	1
3846	0
3847	0
3848	0
3849	0
3850	3
3851	1
3852	0
3853	3
3854	0
3855	4
3856	0
3857	0
3858	4
3859	4
3860	0
3861	0
3862	0
3863	5
3864	0
3865	1
3866	4
3867	0
3868	9
3869	0
3870	1
3871	0
3872	1
3873	0
3874	1
3875	0
3876	0
3877	1
3878	5
3879	2
3880	0
3881	1
3882	3
3883	2
3884	1
3885	0
3886	2
3887	0
3888	0
3889	1
3890	0
3891	1
3892	0
3893	1
3894	3
3895	0
3896	0
3897	0
3898	0
3899	0
3900	0
3901	50
3902	4
3903	0
3904	0
3905	0
3906	0
3907	0
3908	2
3909	1
3910	0
3911	0
3912	0
3913	50
3914	2
3915	0
3916	0
3917	2
3918	5
3919	5
3920	1
3921	1
3922	0
3923	0
3924	0
3925	2
3926	0
3927	4
3928	1
3929	0
3930	0
3931	0
3932	1
3933	0
3934	0
3935	0
3936	3
3937	1
3938	0
3939	2
3940	0
3941	0
3942	0
3943	3
3944	2
3945	0
3946	0
3947	1
3948	1
3949	0
3950	0
3951	7
3952	7
3953	1
3954	4
3955	0
3956	1
3957	3
3958	1
3959	1
3960	0
3961	1
3962	0
3963	0
3964	0
3965	1
3966	2
3967	1
3968	0
3969	1
3970	2
3971	0
3972	0
3973	1
3974	0
3975	0
3976	0
3977	0
3978	0
3979	3
3980	2
3981	0
3982	0
3983	0
3984	0
3985	2
3986	0
3987	0
3988	1
3989	3
3990	0
3991	0
3992	1
3993	0
3994	9
3995	0
3996	1
3997	0
3998	2
3999	1
4000	1
4001	0
4002	2
4003	0
4004	3
4005	0
4006	1
4007	2
4008	2
4009	1
4010	7
4011	1
4012	1
4013	0
4014	0
4015	0
4016	0
4017	2
4018	1
4019	0
4020	4
4021	0
4022	5
4023	1
4024	3
4025	1
4026	3
4027	1
4028	3
4029	4
4030	0
4031	4
4032	2
4033	1
4034	4
4035	0
4036	2
4037	0
4038	0
4039	0
4040	5
4041	1
4042	0
4043	2
4044	0
4045	5
4046	0
4047	0
4048	8
4049	9
4050	0
4051	0
4052	0
4053	0
4054	0
4055	0
4056	3
4057	0
4058	1
4059	1
4060	10
4061	3
4062	1
4063	3
4064	0
4065	2
4066	1
4067	1
4068	0
4069	1
4070	1
4071	5
4072	0
4073	7
4074	0
4075	0
4076	1
4077	2
4078	0
4079	0
4080	0
4081	0
4082	0
4083	1
4084	4
4085	3
4086	0
4087	1
4088	0
4089	0
4090	0
4091	1
4092	6
4093	4
4094	4
4095	0
4096	0
4097	1
4098	3
4099	0
4100	0
4101	0
4102	2
4103	0
4104	0
4105	2
4106	1
4107	0
4108	2
4109	1
4110	0
4111	7
4112	1
4113	0
4114	6
4115	0
4116	0
4117	1
4118	0
4119	1
4120	5
4121	0
4122	1
4123	1
4124	2
4125	0
4126	1
4127	0
4128	0
4129	4
4130	0
4131	1
4132	1
4133	2
4134	0
4135	0
4136	1
4137	1
4138	0
4139	0
4140	0
4141	6
4142	5
4143	1
4144	0
4145	2
4146	1
4147	3
4148	0
4149	0
4150	0
4151	5
4152	1
4153	0
4154	0
4155	0
4156	1
4157	0
4158	0
4159	0
4160	2
4161	5
4162	2
4163	1
4164	4
4165	0
4166	5
4167	0
4168	0
4169	0
4170	4
4171	0
4172	1
4173	0
4174	0
4175	0
4176	1
4177	0
4178	0
4179	0
4180	0
4181	0
4182	1
4183	0
4184	1
4185	0
4186	0
4187	0
4188	2
4189	1
4190	1
4191	5
4192	0
4193	1
4194	0
4195	0
4196	14
4197	3
4198	0
4199	0
4200	1
4201	0
4202	0
4203	0
4204	2
4205	0
4206	0
4207	0
4208	4
4209	0
4210	1
4211	1
4212	2
4213	0
4214	3
4215	2
4216	2
4217	0
4218	0
4219	4
4220	0
4221	2
4222	2
4223	2
4224	0
4225	0
4226	0
4227	3
4228	0
4229	0
4230	0
4231	11
4232	1
4233	1
4234	0
4235	5
4236	3
4237	5
4238	2
4239	2
4240	0
4241	2
4242	5
4243	0
4244	6
4245	0
4246	0
4247	0
4248	1
4249	0
4250	1
4251	0
4252	0
4253	0
4254	2
4255	4
4256	0
4257	2
4258	0
4259	4
4260	0
4261	1
4262	0
4263	0
4264	0
4265	0
4266	5
4267	0
4268	1
4269	1
4270	1
4271	0
4272	0
4273	1
4274	0
4275	2
4276	1
4277	0
4278	0
4279	1
4280	2
4281	0
4282	1
4283	1
4284	4
4285	1
4286	0
4287	0
4288	0
4289	1
4290	0
4291	3
4292	4
4293	0
4294	0
4295	0
4296	0
4297	1
4298	2
4299	1
4300	0
4301	5
4302	0
4303	1
4304	5
4305	1
4306	3
4307	4
4308	0
4309	4
4310	0
4311	2
4312	0
4313	0
4314	0
4315	0
4316	0
4317	11
4318	0
4319	0
4320	3
4321	0
4322	1
4323	2
4324	0
4325	0
4326	3
4327	0
4328	1
4329	0
4330	4
4331	1
4332	1
4333	0
4334	0
4335	0
4336	0
4337	0
4338	0
4339	0
4340	0
4341	0
4342	0
4343	1
4344	0
4345	0
4346	0
4347	0
4348	0
4349	0
4350	4
4351	3
4352	3
4353	1
4354	3
4355	0
4356	0
4357	3
4358	0
4359	1
4360	0
4361	0
4362	0
4363	0
4364	1
4365	0
4366	2
4367	1
4368	1
4369	0
4370	0
4371	0
4372	0
4373	4
4374	0
4375	50
4376	1
4377	1
4378	2
4379	1
4380	1
4381	0
4382	1
4383	0
4384	6
4385	0
4386	2
4387	0
4388	0
4389	0
4390	2
4391	0
4392	0
4393	1
4394	0
4395	2
4396	0
4397	0
4398	0
4399	3
4400	4
4401	0
4402	1
4403	0
4404	0
4405	7
4406	2
4407	3
4408	2
4409	0
4410	0
4411	0
4412	1
4413	0
4414	0
4415	3
4416	2
4417	1
4418	0
4419	0
4420	0
4421	1
4422	0
4423	0
4424	2
4425	2
4426	0
4427	1
4428	5
4429	0
4430	0
4431	3
4432	2
4433	0
4434	1
4435	0
4436	0
4437	1
4438	1
4439	4
4440	2
4441	0
4442	0
4443	2
4444	0
4445	1
4446	0
4447	0
4448	1
4449	1
4450	2
4451	0
4452	0
4453	1
4454	0
4455	0
4456	0
4457	0
4458	6
4459	9
4460	1
4461	1
4462	0
4463	9
4464	0
4465	0
4466	2
4467	3
4468	2
4469	4
4470	1
4471	0
4472	1
4473	50
4474	0
4475	2
4476	0
4477	1
4478	0
4479	0
4480	1
4481	8
4482	0
4483	0
4484	0
4485	0
4486	0
4487	3
4488	3
4489	0
4490	2
4491	0
4492	0
4493	1
4494	2
4495	0
4496	0
4497	1
4498	3
4499	3
4500	0
4501	2
4502	0
4503	0
4504	0
4505	0
4506	1
4507	1
4508	3
4509	0
4510	0
4511	0
4512	3
4513	0
4514	0
4515	0
4516	3
4517	1
4518	0
4519	2
4520	1
4521	0
4522	3
4523	0
4524	2
4525	1
4526	3
4527	2
4528	1
4529	3
4530	1
4531	1
4532	2
4533	0
4534	5
4535	3
4536	2
4537	0
4538	2
4539	0
4540	16
4541	0
4542	0
4543	3
4544	1
4545	0
4546	3
4547	1
4548	4
4549	1
4550	0
4551	0
4552	0
4553	3
4554	3
4555	0
4556	2
4557	2
4558	3
4559	0
4560	1
4561	0
4562	2
4563	1
4564	7
4565	0
4566	2
4567	1
4568	2
4569	0
4570	1
4571	2
4572	0
4573	2
4574	4
4575	0
4576	3
4577	2
4578	0
4579	0
4580	1
4581	0
4582	0
4583	0
4584	1
4585	4
4586	1
4587	1
4588	0
4589	0
4590	0
4591	0
4592	0
4593	0
4594	0
4595	5
4596	0
4597	2
4598	0
4599	2
4600	0
4601	3
4602	1
4603	1
4604	4
4605	0
4606	3
4607	2
4608	0
4609	0
4610	1
4611	1
4612	3
4613	0
4614	3
4615	0
4616	1
4617	2
4618	0
4619	0
4620	0
4621	1
4622	0
4623	1
4624	0
4625	0
4626	1
4627	2
4628	0
4629	1
4630	4
4631	1
4632	7
4633	2
4634	7
4635	1
4636	0
4637	0
4638	1
4639	2
4640	2
4641	4
4642	4
4643	0
4644	0
4645	0
4646	1
4647	0
4648	4
4649	0
4650	0
4651	0
4652	7
4653	1
4654	2
4655	1
4656	2
4657	0
4658	4
4659	1
4660	0
4661	2
4662	3
4663	5
4664	0
4665	2
4666	1
4667	0
4668	0
4669	0
4670	4
4671	1
4672	8
4673	1
4674	0
4675	1
4676	0
4677	0
4678	1
4679	2
4680	2
4681	0
4682	1
4683	1
4684	1
4685	0
4686	0
4687	0
4688	1
4689	0
4690	0
4691	1
4692	0
4693	0
4694	0
4695	0
4696	4
4697	0
4698	2
4699	0
4700	3
4701	0
4702	0
4703	1
4704	0
4705	3
4706	2
4707	0
4708	0
4709	1
4710	1
4711	0
4712	0
4713	0
4714	2
4715	1
4716	1
4717	4
4718	6
4719	0
4720	0
4721	4
4722	0
4723	1
4724	0
4725	0
4726	0
4727	0
4728	1
4729	0
4730	0
4731	0
4732	1
4733	1
4734	1
4735	0
4736	2
4737	0
4738	4
4739	1
4740	0
4741	0
4742	1
4743	2
4744	2
4745	4
4746	0
4747	2
4748	2
4749	1
4750	0
4751	0
4752	0
4753	0
4754	1
4755	1
4756	0
4757	0
4758	5
4759	0
4760	0
4761	3
4762	0
4763	1
4764	1
4765	2
4766	0
4767	0
4768	0
4769	0
4770	1
4771	2
4772	1
4773	0
4774	4
4775	1
4776	0
4777	0
4778	1
4779	2
4780	1
4781	0
4782	0
4783	5
4784	8
4785	0
4786	0
4787	1
4788	1
4789	0
4790	1
4791	0
4792	0
4793	1
4794	0
4795	1
4796	4
4797	3
4798	3
4799	0
4800	2
4801	2
4802	0
4803	3
4804	4
4805	1
4806	1
4807	3
4808	0
4809	0
4810	4
4811	1
4812	0
4813	0
4814	3
4815	0
4816	6
4817	2
4818	0
4819	1
4820	0
4821	0
4822	1
4823	4
4824	2
4825	3
4826	0
4827	0
4828	7
4829	2
4830	0
4831	1
4832	0
4833	2
4834	2
4835	0
4836	6
4837	0
4838	1
4839	0
4840	4
4841	0
4842	2
4843	1
4844	1
4845	2
4846	0
4847	5
4848	0
4849	7
4850	4
4851	0
4852	1
4853	0
4854	0
4855	3
4856	5
4857	0
4858	2
4859	2
4860	7
4861	1
4862	1
4863	6
4864	2
4865	1
4866	3
4867	0
4868	2
4869	1
4870	3
4871	3
4872	1
4873	1
4874	0
4875	1
4876	2
4877	0
4878	0
4879	0
4880	2
4881	1
4882	0
4883	1
4884	5
4885	0
4886	0
4887	1
4888	1
4889	0
4890	3
4891	4
4892	2
4893	1
4894	0
4895	7
4896	5
4897	0
4898	5
4899	0
4900	0
4901	1
4902	1
4903	50
4904	0
4905	0
4906	4
4907	1
4908	3
4909	1
4910	0
4911	1
4912	0
4913	2
4914	5
4915	0
4916	0
4917	0
4918	6
4919	3
4920	0
4921	1
4922	4
4923	3
4924	3
4925	0
4926	8
4927	7
4928	3
4929	4
4930	0
4931	1
4932	1
4933	0
4934	2
4935	1
4936	1
4937	0
4938	1
4939	1
4940	0
4941	1
4942	3
4943	4
4944	0
4945	1
4946	0
4947	4
4948	3
4949	0
4950	1
4951	1
4952	50
4953	0
4954	2
4955	0
4956	3
4957	0
4958	1
4959	1
4960	0
4961	1
4962	1
4963	3
4964	0
4965	0
4966	2
4967	0
4968	0
4969	4
4970	0
4971	1
4972	0
4973	3
4974	7
4975	3
4976	1
4977	0
4978	7
4979	0
4980	0
4981	0
4982	0
4983	4
4984	1
4985	0
4986	3
4987	0
4988	1
4989	0
4990	2
4991	1
4992	0
4993	2
4994	0
4995	0
4996	1
4997	0
4998	6
4999	0
5000	1
5001	0
5002	5
5003	1
5004	0
5005	1
5006	0
5007	6
5008	4
5009	0
5010	4
5011	7
5012	5
5013	0
5014	0
5015	1
5016	0
5017	1
5018	1
5019	0
5020	0
5021	50
5022	0
5023	1
5024	4
5025	1
5026	8
5027	0
5028	3
5029	6
5030	0
5031	2
5032	1
5033	0
5034	0
5035	0
5036	4
5037	0
5038	1
5039	0
5040	2
5041	3
5042	1
5043	0
5044	0
5045	0
5046	0
5047	1
5048	0
5049	0
5050	0
5051	0
5052	3
5053	0
5054	4
5055	2
5056	3
5057	1
5058	0
5059	1
5060	0
5061	4
5062	4
5063	3
5064	0
5065	2
5066	1
5067	0
5068	0
5069	2
5070	0
5071	1
5072	1
5073	1
5074	0
5075	2
5076	12
5077	1
5078	1
5079	3
5080	0
5081	1
5082	2
5083	0
5084	0
5085	1
5086	4
5087	5
5088	1
5089	0
5090	0
5091	0
5092	4
5093	2
5094	0
5095	0
5096	7
5097	0
5098	0
5099	0
5100	0
5101	0
5102	0
5103	1
5104	0
5105	0
5106	1
5107	0
5108	0
5109	0
5110	0
5111	0
5112	0
5113	0
5114	0
5115	0
5116	0
5117	5
5118	2
5119	0
5120	1
5121	0
5122	0
5123	2
5124	2
5125	0
5126	1
5127	5
5128	0
5129	2
5130	2
5131	0
5132	0
5133	6
5134	0
5135	0
5136	0
5137	1
5138	2
5139	0
5140	1
5141	0
5142	3
5143	1
5144	0
5145	5
5146	0
5147	0
5148	1
5149	0
5150	0
5151	1
5152	0
5153	0
5154	8
5155	0
5156	0
5157	0
5158	0
5159	0
5160	3
5161	0
5162	1
5163	0
5164	2
5165	1
5166	0
5167	2
5168	0
5169	0
5170	2
5171	1
5172	0
5173	0
5174	0
5175	2
5176	0
5177	2
5178	0
5179	6
5180	1
5181	0
5182	1
5183	0
5184	4
5185	1
5186	1
5187	0
5188	0
5189	2
5190	0
5191	0
5192	4
5193	1
5194	0
5195	2
5196	0
5197	0
5198	5
5199	0
5200	2
5201	2
5202	0
5203	0
5204	2
5205	4
5206	2
5207	2
5208	0
5209	1
5210	0
5211	1
5212	3
5213	2
5214	0
5215	0
5216	0
5217	1
5218	3
5219	3
5220	4
5221	0
5222	0
5223	1
5224	1
5225	1
5226	3
5227	1
5228	3
5229	1
5230	5
5231	0
5232	0
5233	3
5234	5
5235	3
5236	1
5237	1
5238	2
5239	0
5240	1
5241	0
5242	2
5243	1
5244	1
5245	2
5246	0
5247	2
5248	0
5249	6
5250	0
5251	1
5252	0
5253	0
5254	3
5255	0
5256	4
5257	1
5258	3
5259	7
5260	1
5261	0
5262	0
5263	2
5264	1
5265	0
5266	0
5267	1
5268	1
5269	0
5270	0
5271	1
5272	0
5273	3
5274	4
5275	0
5276	0
5277	0
5278	4
5279	1
5280	4
5281	1
5282	1
5283	1
5284	0
5285	0
5286	50
5287	0
5288	0
5289	0
5290	2
5291	0
5292	0
5293	0
5294	1
5295	3
5296	0
5297	0
5298	7
5299	50
5300	5
5301	0
5302	0
5303	1
5304	2
5305	2
5306	1
5307	0
5308	1
5309	2
5310	0
5311	1
5312	0
5313	1
5314	1
5315	2
5316	0
5317	0
5318	0
5319	0
5320	0
5321	0
5322	1
5323	0
5324	0
5325	3
5326	2
5327	1
5328	8
5329	1
5330	0
5331	3
5332	1
5333	0
5334	5
5335	3
5336	2
5337	1
5338	0
5339	2
5340	2
5341	0
5342	2
5343	1
5344	0
5345	2
5346	2
5347	3
5348	3
5349	1
5350	1
5351	0
5352	0
5353	2
5354	0
5355	4
5356	0
5357	3
5358	1
5359	0
5360	0
5361	0
5362	1
5363	3
5364	0
5365	0
5366	4
5367	0
5368	0
5369	0
5370	5
5371	0
5372	0
5373	1
5374	0
5375	4
5376	0
5377	1
5378	1
5379	2
5380	4
5381	0
5382	0
5383	1
5384	0
5385	0
5386	0
5387	0
5388	0
5389	2
5390	7
5391	6
5392	2
5393	0
5394	0
5395	3
5396	0
5397	0
5398	1
5399	0
5400	3
5401	3
5402	2
5403	1
5404	0
5405	0
5406	1
5407	0
5408	0
5409	3
5410	0
5411	0
5412	0
5413	0
5414	0
5415	0
5416	0
5417	1
5418	0
5419	0
5420	4
5421	0
5422	0
5423	0
5424	0
5425	3
5426	1
5427	1
5428	0
5429	8
5430	0
5431	0
5432	2
5433	0
5434	1
5435	2
5436	0
5437	7
5438	0
5439	1
5440	0
5441	1
5442	1
5443	0
5444	3
5445	0
5446	2
5447	2
5448	3
5449	0
5450	0
5451	0
5452	0
5453	4
5454	1
5455	0
5456	6
5457	0
5458	4
5459	0
5460	0
5461	3
5462	2
5463	2
5464	50
5465	3
5466	2
5467	0
5468	0
5469	7
5470	3
5471	8
5472	1
5473	3
5474	0
5475	3
5476	0
5477	0
5478	0
5479	1
5480	1
5481	9
5482	2
5483	3
5484	0
5485	3
5486	1
5487	0
5488	1
5489	0
5490	0
5491	2
5492	0
5493	0
5494	2
5495	0
5496	0
5497	0
5498	3
5499	0
5500	1
5501	0
5502	2
5503	1
5504	0
5505	0
5506	1
5507	0
5508	2
5509	12
5510	0
5511	1
5512	1
5513	0
5514	1
5515	2
5516	1
5517	3
5518	0
5519	0
5520	2
5521	4
5522	2
5523	0
5524	1
5525	1
5526	0
5527	2
5528	0
5529	3
5530	0
5531	0
5532	0
5533	3
5534	1
5535	2
5536	0
5537	5
5538	2
5539	0
5540	5
5541	5
5542	0
5543	4
5544	0
5545	0
5546	0
5547	0
5548	1
5549	0
5550	0
5551	0
5552	0
5553	4
5554	2
5555	5
5556	0
5557	0
5558	3
5559	0
5560	0
5561	1
5562	2
5563	0
5564	5
5565	0
5566	4
5567	2
5568	2
5569	2
5570	1
5571	50
5572	1
5573	6
5574	0
5575	4
5576	0
5577	0
5578	0
5579	0
5580	1
5581	0
5582	3
5583	3
5584	6
5585	0
5586	0
5587	50
5588	4
5589	0
5590	0
5591	0
5592	3
5593	0
5594	11
5595	0
5596	2
5597	1
5598	4
5599	0
5600	7
5601	3
5602	1
5603	1
5604	0
5605	1
5606	0
5607	2
5608	5
5609	2
5610	1
5611	4
5612	2
5613	2
5614	1
5615	5
5616	9
5617	0
5618	0
5619	2
5620	1
5621	6
5622	6
5623	4
5624	0
5625	3
5626	0
5627	1
5628	2
5629	1
5630	0
5631	2
5632	1
5633	0
5634	0
5635	1
5636	4
5637	0
5638	7
5639	3
5640	6
5641	0
5642	4
5643	1
5644	0
5645	3
5646	2
5647	3
5648	1
5649	0
5650	0
5651	0
5652	2
5653	0
5654	2
5655	2
5656	0
5657	0
5658	7
5659	2
5660	3
5661	0
5662	2
5663	0
5664	0
5665	4
5666	1
5667	0
5668	0
5669	1
5670	2
5671	2
5672	1
5673	2
5674	0
5675	2
5676	6
5677	1
5678	0
5679	4
5680	1
5681	5
5682	5
5683	1
5684	0
5685	0
5686	3
5687	1
5688	0
5689	3
5690	0
5691	4
5692	6
5693	7
5694	1
5695	5
5696	0
5697	0
5698	2
5699	0
5700	1
5701	0
5702	9
5703	0
5704	1
5705	0
5706	1
5707	1
5708	2
5709	0
5710	6
5711	0
5712	5
5713	8
5714	1
5715	2
5716	3
5717	0
5718	7
5719	5
5720	4
5721	3
5722	2
5723	3
5724	2
5725	1
5726	4
5727	0
5728	5
5729	4
5730	2
5731	0
5732	0
5733	0
5734	0
5735	1
5736	4
5737	0
5738	6
5739	2
5740	0
5741	2
5742	0
5743	0
5744	1
5745	2
5746	1
5747	10
5748	0
5749	1
5750	2
5751	1
5752	1
5753	3
5754	1
5755	15
5756	0
5757	1
5758	0
5759	5
5760	6
5761	4
5762	3
5763	0
5764	0
5765	5
5766	0
5767	2
5768	4
5769	0
5770	3
5771	4
5772	9
5773	50
5774	0
5775	0
5776	0
5777	10
5778	3
5779	4
5780	3
5781	2
5782	1
5783	9
5784	4
5785	2
5786	1
5787	0
5788	3
5789	0
5790	1
5791	0
5792	0
5793	0
5794	0
5795	1
5796	6
5797	1
5798	0
5799	0
5800	12
5801	0
5802	1
5803	1
5804	2
5805	0
5806	0
5807	1
5808	0
5809	1
5810	3
5811	0
5812	0
5813	0
5814	0
5815	0
5816	0
5817	3
5818	1
5819	0
5820	4
5821	14
5822	2
5823	0
5824	0
5825	2
5826	0
5827	0
5828	2
5829	2
5830	0
5831	1
5832	3
5833	4
5834	0
5835	5
5836	3
5837	50
5838	1
5839	10
5840	1
5841	3
5842	2
5843	0
5844	6
5845	0
5846	2
5847	1
5848	4
5849	3
5850	7
5851	0
5852	7
5853	7
5854	4
5855	0
5856	6
5857	1
5858	0
5859	0
5860	1
5861	1
5862	1
5863	1
5864	0
5865	0
5866	0
5867	1
5868	0
5869	3
5870	0
5871	8
5872	0
5873	0
5874	0
5875	5
5876	2
5877	50
5878	1
5879	2
5880	0
5881	0
5882	5
5883	9
5884	3
5885	0
5886	0
5887	4
5888	3
5889	1
5890	0
5891	3
5892	2
5893	3
5894	0
5895	0
5896	0
5897	1
5898	0
5899	2
5900	3
5901	5
5902	1
5903	1
5904	1
5905	3
5906	0
5907	1
5908	3
5909	1
5910	0
5911	0
5912	1
5913	3
5914	2
5915	7
5916	3
5917	2
5918	1
5919	0
5920	1
5921	0
5922	3
5923	7
5924	3
5925	0
5926	1
5927	0
5928	0
5929	1
5930	6
5931	2
5932	2
5933	4
5934	0
5935	2
5936	1
5937	3
5938	3
5939	3
5940	4
5941	2
5942	2
5943	4
5944	1
5945	0
5946	0
5947	5
5948	0
5949	50
5950	3
5951	5
5952	3
5953	7
5954	1
5955	0
5956	0
5957	1
5958	1
5959	50
5960	1
5961	5
5962	0
5963	3
5964	1
5965	4
5966	1
5967	2
5968	0
5969	0
5970	1
5971	0
5972	0
5973	1
5974	3
5975	2
5976	4
5977	5
5978	1
5979	1
5980	1
5981	5
5982	1
5983	1
5984	2
5985	2
5986	4
5987	0
5988	0
5989	8
5990	3
5991	1
5992	3
5993	0
5994	3
5995	3
5996	1
5997	1
5998	4
5999	3
6000	2
6001	0
6002	3
6003	2
6004	5
6005	1
6006	2
6007	2
6008	3
6009	2
6010	1
6011	6
6012	1
6013	0
6014	10
6015	1
6016	2
6017	10
6018	11
6019	4
6020	2
6021	0
6022	2
6023	2
6024	0
6025	6
6026	5
6027	0
6028	1
6029	3
6030	0
6031	0
6032	0
6033	1
6034	0
6035	5
6036	0
6037	1
6038	5
6039	0
6040	0
6041	4
6042	2
6043	1
6044	2
6045	1
6046	3
6047	0
6048	0
6049	0
6050	4
6051	0
6052	6
6053	0
6054	1
6055	2
6056	10
6057	3
6058	2
6059	3
6060	6
6061	5
6062	1
6063	3
6064	7
6065	1
6066	2
6067	19
6068	2
6069	0
6070	1
6071	3
6072	8
6073	4
6074	1
6075	2
6076	7
6077	6
6078	0
6079	0
6080	1
6081	0
6082	0
6083	0
6084	0
6085	1
6086	1
6087	4
6088	8
6089	2
6090	9
6091	11
6092	0
6093	5
6094	5
6095	0
6096	2
6097	8
6098	0
6099	0
6100	1
6101	0
6102	4
6103	0
6104	1
6105	0
6106	1
6107	1
6108	1
6109	8
6110	1
6111	4
6112	0
6113	4
6114	13
6115	3
6116	4
6117	7
6118	0
6119	1
6120	2
6121	0
6122	0
6123	1
6124	0
6125	4
6126	0
6127	7
6128	2
6129	8
6130	0
6131	0
6132	1
6133	3
6134	3
6135	1
6136	0
6137	0
6138	0
6139	0
6140	2
6141	0
6142	1
6143	0
6144	6
6145	12
6146	2
6147	4
6148	0
6149	0
6150	4
6151	3
6152	0
6153	9
6154	1
6155	2
6156	3
6157	5
6158	1
6159	3
6160	2
6161	2
6162	3
6163	4
6164	1
6165	0
6166	11
6167	11
6168	6
6169	0
6170	4
6171	0
6172	6
6173	5
6174	2
6175	0
6176	2
6177	1
6178	0
6179	2
6180	3
6181	1
6182	1
6183	0
6184	1
6185	0
6186	1
6187	0
6188	1
6189	0
6190	1
6191	2
6192	3
6193	1
6194	5
6195	1
6196	0
6197	3
6198	0
6199	0
6200	0
6201	4
6202	1
6203	3
6204	2
6205	4
6206	1
6207	0
6208	1
6209	1
6210	10
6211	1
6212	4
6213	2
6214	1
6215	0
6216	0
6217	1
6218	3
6219	1
6220	1
6221	0
6222	0
6223	1
6224	0
6225	1
6226	3
6227	0
6228	3
6229	0
6230	0
6231	0
6232	1
6233	2
6234	1
6235	9
6236	1
6237	0
6238	1
6239	5
6240	2
6241	0
6242	4
6243	0
6244	5
6245	1
6246	0
6247	0
6248	2
6249	2
6250	5
6251	2
6252	7
6253	3
6254	3
6255	0
6256	2
6257	0
6258	7
6259	2
6260	0
6261	0
6262	0
6263	1
6264	0
6265	0
6266	1
6267	5
6268	0
6269	5
6270	0
6271	0
6272	0
6273	2
6274	0
6275	0
6276	7
6277	0
6278	1
6279	0
6280	0
6281	0
6282	0
6283	0
6284	1
6285	5
6286	0
6287	3
6288	1
6289	4
6290	0
6291	2
6292	0
6293	4
6294	0
6295	2
6296	5
6297	0
6298	0
6299	2
6300	3
6301	1
6302	0
6303	2
6304	2
6305	3
6306	2
6307	3
6308	0
6309	9
6310	0
6311	3
6312	1
6313	1
6314	8
6315	4
6316	0
6317	0
6318	0
6319	1
6320	4
6321	0
6322	2
6323	1
6324	1
6325	0
6326	0
6327	1
6328	0
6329	1
6330	0
6331	1
6332	0
6333	0
6334	1
6335	0
6336	1
6337	3
6338	5
6339	0
6340	1
6341	2
6342	1
6343	0
6344	0
6345	1
6346	1
6347	4
6348	3
6349	1
6350	0
6351	3
6352	0
6353	0
6354	5
6355	3
6356	1
6357	3
6358	6
6359	0
6360	1
6361	0
6362	0
6363	9
6364	2
6365	3
6366	3
6367	2
6368	0
6369	0
6370	50
6371	1
6372	0
6373	1
6374	0
6375	0
6376	2
6377	0
6378	3
6379	1
6380	0
6381	1
6382	3
6383	0
6384	1
6385	3
6386	2
6387	1
6388	0
6389	1
6390	2
6391	4
6392	4
6393	0
6394	0
6395	3
6396	0
6397	0
6398	3
6399	3
6400	1
6401	2
6402	6
6403	0
6404	0
6405	3
6406	2
6407	0
6408	7
6409	9
6410	4
6411	7
6412	2
6413	0
6414	4
6415	1
6416	11
6417	9
6418	1
6419	1
6420	0
6421	3
6422	4
6423	0
6424	12
6425	5
6426	2
6427	4
6428	3
6429	1
6430	10
6431	0
6432	2
6433	0
6434	1
6435	0
6436	1
6437	0
6438	2
6439	9
6440	1
6441	5
6442	0
6443	4
6444	7
6445	2
6446	4
6447	0
6448	3
6449	1
6450	0
6451	0
6452	1
6453	3
6454	0
6455	10
6456	0
6457	4
6458	2
6459	1
6460	1
6461	5
6462	4
6463	2
6464	8
6465	3
6466	5
6467	1
6468	2
6469	18
6470	2
6471	0
6472	4
6473	0
6474	0
6475	1
6476	1
6477	1
6478	0
6479	0
6480	0
6481	2
6482	0
6483	7
6484	0
6485	8
6486	1
6487	1
6488	0
6489	1
6490	0
6491	11
6492	0
6493	0
6494	0
6495	0
6496	5
6497	6
6498	3
6499	2
6500	2
6501	6
6502	10
6503	0
6504	8
6505	0
6506	8
6507	0
6508	1
6509	0
6510	0
6511	4
6512	12
6513	0
6514	5
6515	4
6516	3
6517	1
6518	9
6519	1
6520	0
6521	2
6522	0
6523	3
6524	1
6525	1
6526	0
6527	2
6528	2
6529	1
6530	0
6531	3
6532	6
6533	1
6534	0
6535	0
6536	4
6537	2
6538	0
6539	1
6540	0
6541	2
6542	1
6543	1
6544	2
6545	2
6546	0
6547	0
6548	3
6549	2
6550	7
6551	1
6552	1
6553	4
6554	0
6555	0
6556	0
6557	2
6558	0
6559	2
6560	2
6561	0
6562	5
6563	0
6564	0
6565	0
6566	0
6567	10
6568	4
6569	2
6570	0
6571	1
6572	3
6573	0
6574	0
6575	3
6576	2
6577	1
6578	0
6579	3
6580	3
6581	1
6582	1
6583	0
6584	7
6585	1
6586	0
6587	0
6588	0
6589	1
6590	0
6591	8
6592	4
6593	0
6594	8
6595	5
6596	1
6597	1
6598	1
6599	3
6600	1
6601	0
6602	3
6603	0
6604	0
6605	1
6606	1
6607	8
6608	1
6609	3
6610	0
6611	0
6612	0
6613	0
6614	8
6615	5
6616	3
6617	7
6618	0
6619	1
6620	1
6621	0
6622	0
6623	3
6624	1
6625	4
6626	0
6627	3
6628	0
6629	4
6630	2
6631	0
6632	0
6633	0
6634	0
6635	1
6636	0
6637	1
6638	4
6639	0
6640	1
6641	0
6642	0
6643	2
6644	1
6645	1
6646	1
6647	0
6648	1
6649	0
6650	0
6651	1
6652	1
6653	1
6654	0
6655	1
6656	2
6657	1
6658	0
6659	1
6660	0
6661	0
6662	6
6663	6
6664	2
6665	0
6666	4
6667	1
6668	1
6669	1
6670	0
6671	1
6672	2
6673	14
6674	1
6675	1
6676	1
6677	1
6678	0
6679	3
6680	12
6681	0
6682	4
6683	1
6684	0
6685	0
6686	1
6687	2
6688	0
6689	0
6690	3
6691	0
6692	0
6693	1
6694	1
6695	3
6696	0
6697	0
6698	0
6699	1
6700	0
6701	1
6702	5
6703	1
6704	0
6705	0
6706	1
6707	5
6708	0
6709	5
6710	12
6711	7
6712	4
6713	0
6714	9
6715	3
6716	2
6717	0
6718	1
6719	1
6720	4
6721	0
6722	2
6723	4
6724	3
6725	4
6726	4
6727	6
6728	1
6729	0
6730	3
6731	2
6732	1
6733	0
6734	3
6735	0
6736	0
6737	7
6738	0
6739	3
6740	0
6741	3
6742	0
6743	6
6744	0
6745	0
6746	7
6747	2
6748	3
6749	1
6750	0
6751	0
6752	0
6753	3
6754	0
6755	0
6756	0
6757	0
6758	2
6759	6
6760	0
6761	0
6762	1
6763	13
6764	0
6765	3
6766	3
6767	3
6768	7
6769	2
6770	3
6771	0
6772	17
6773	0
6774	2
6775	8
6776	2
6777	7
6778	0
6779	0
6780	9
6781	1
6782	6
6783	11
6784	7
6785	0
6786	0
6787	0
6788	5
6789	0
6790	0
6791	3
6792	0
6793	0
6794	0
6795	1
6796	0
6797	1
6798	1
6799	0
6800	7
6801	3
6802	1
6803	3
6804	4
6805	0
6806	4
6807	0
6808	0
6809	6
6810	5
6811	0
6812	6
6813	7
6814	7
6815	6
6816	2
6817	50
6818	3
6819	3
6820	4
6821	1
6822	1
6823	1
6824	3
6825	17
6826	1
6827	0
6828	5
6829	1
6830	1
6831	9
6832	5
6833	3
6834	1
6835	5
6836	0
6837	3
6838	0
6839	0
6840	1
6841	3
6842	0
6843	0
6844	0
6845	2
6846	7
6847	1
6848	0
6849	1
6850	9
6851	0
6852	1
6853	4
6854	9
6855	0
6856	0
6857	1
6858	1
6859	3
6860	3
6861	5
6862	6
6863	1
6864	1
6865	11
6866	0
6867	0
6868	0
6869	2
6870	2
6871	7
6872	0
6873	3
6874	0
6875	0
6876	4
6877	0
6878	1
6879	4
6880	0
6881	3
6882	0
6883	0
6884	1
6885	8
6886	0
6887	0
6888	0
6889	4
6890	1
6891	1
6892	6
6893	6
6894	1
6895	19
6896	1
6897	9
6898	2
6899	0
6900	0
6901	2
6902	1
6903	2
6904	0
6905	1
6906	1
6907	6
6908	1
6909	4
6910	4
6911	0
6912	1
6913	0
6914	2
6915	1
6916	1
6917	22
6918	2
6919	6
6920	1
6921	4
6922	0
6923	1
6924	0
6925	2
6926	1
6927	5
6928	0
6929	0
6930	0
6931	4
6932	1
6933	13
6934	7
6935	0
6936	7
6937	4
6938	4
6939	1
6940	5
6941	0
6942	0
6943	0
6944	6
6945	1
6946	4
6947	7
6948	2
6949	0
6950	0
6951	3
6952	0
6953	8
6954	1
6955	15
6956	7
6957	0
6958	0
6959	2
6960	11
6961	0
6962	8
6963	0
6964	0
6965	0
6966	8
6967	4
6968	1
6969	13
6970	8
6971	0
6972	3
6973	2
6974	0
6975	4
6976	2
6977	1
6978	6
6979	2
6980	1
6981	2
6982	4
6983	0
6984	7
6985	0
6986	4
6987	5
6988	13
6989	4
6990	1
6991	0
6992	4
6993	0
6994	0
6995	3
6996	0
6997	3
6998	4
6999	1
7000	2
7001	0
7002	6
7003	1
7004	3
7005	7
7006	0
7007	0
7008	1
7009	2
7010	3
7011	0
7012	8
7013	0
7014	6
7015	1
7016	0
7017	6
7018	8
7019	6
7020	3
7021	5
7022	1
7023	4
7024	2
7025	3
7026	1
7027	2
7028	1
7029	2
7030	0
7031	0
7032	1
7033	0
7034	8
7035	1
7036	0
7037	6
7038	5
7039	1
7040	0
7041	0
7042	1
7043	4
7044	3
7045	0
7046	2
7047	0
7048	0
7049	0
7050	2
7051	7
7052	2
7053	0
7054	8
7055	1
7056	0
7057	1
7058	10
7059	9
7060	4
7061	16
7062	2
7063	6
7064	1
7065	0
7066	0
7067	2
7068	0
7069	1
7070	0
7071	9
7072	4
7073	0
7074	0
7075	3
7076	6
7077	0
7078	2
7079	0
7080	1
7081	7
7082	4
7083	2
7084	4
7085	4
7086	7
7087	12
7088	2
7089	0
7090	5
7091	4
7092	2
7093	9
7094	10
7095	0
7096	0
7097	2
7098	1
7099	0
7100	1
7101	0
7102	9
7103	2
7104	7
7105	3
7106	0
7107	2
7108	3
7109	10
7110	0
7111	0
7112	0
7113	9
7114	2
7115	3
7116	1
7117	0
7118	1
7119	3
7120	2
7121	3
7122	8
7123	1
7124	10
7125	9
7126	0
7127	0
7128	0
7129	4
7130	1
7131	1
7132	1
7133	5
7134	2
7135	8
7136	4
7137	0
7138	0
7139	0
7140	1
7141	4
7142	0
7143	5
7144	2
7145	1
7146	0
7147	0
7148	0
7149	0
7150	0
7151	1
7152	0
7153	0
7154	2
7155	0
7156	4
7157	0
7158	3
7159	1
7160	0
7161	0
7162	1
7163	2
7164	1
7165	0
7166	0
7167	7
7168	4
7169	3
7170	0
7171	2
7172	12
7173	5
7174	5
7175	3
7176	9
7177	4
7178	4
7179	0
7180	1
7181	0
7182	3
7183	1
7184	1
7185	5
7186	1
7187	9
7188	1
7189	6
7190	0
7191	7
7192	0
7193	0
7194	1
7195	6
7196	6
7197	0
7198	2
7199	1
7200	0
7201	0
7202	2
7203	17
7204	8
7205	5
7206	10
7207	0
7208	1
7209	5
7210	0
7211	8
7212	3
7213	1
7214	3
7215	0
7216	5
7217	7
7218	0
7219	3
7220	1
7221	10
7222	2
7223	0
7224	1
7225	7
7226	2
7227	11
7228	0
7229	5
7230	0
7231	0
7232	1
7233	4
7234	2
7235	50
7236	1
7237	1
7238	2
7239	3
7240	0
7241	0
7242	0
7243	2
7244	0
7245	1
7246	2
7247	2
7248	2
7249	1
7250	0
7251	0
7252	2
7253	5
7254	0
7255	3
7256	5
7257	1
7258	1
7259	2
7260	0
7261	10
7262	0
7263	4
7264	2
7265	3
7266	1
7267	4
7268	5
7269	7
7270	2
7271	1
7272	7
7273	1
7274	1
7275	0
7276	0
7277	1
7278	0
7279	10
7280	3
7281	6
7282	0
7283	5
7284	6
7285	0
7286	7
7287	3
7288	1
7289	0
7290	0
7291	4
7292	0
7293	5
7294	0
7295	5
7296	1
7297	0
7298	3
7299	4
7300	5
7301	0
7302	0
7303	2
7304	2
7305	9
7306	1
7307	12
7308	11
7309	4
7310	0
7311	2
7312	1
7313	6
7314	7
7315	1
7316	0
7317	0
7318	0
7319	2
7320	2
7321	0
7322	1
7323	4
7324	3
7325	11
7326	0
7327	0
7328	0
7329	4
7330	11
7331	5
7332	7
7333	0
7334	1
7335	1
7336	3
7337	1
7338	1
7339	1
7340	6
7341	0
7342	0
7343	1
7344	2
7345	0
7346	3
7347	9
7348	1
7349	4
7350	1
7351	0
7352	3
7353	0
7354	0
7355	7
7356	0
7357	0
7358	0
7359	50
7360	4
7361	0
7362	8
7363	1
7364	1
7365	4
7366	3
7367	0
7368	2
7369	0
7370	2
7371	5
7372	0
7373	9
7374	4
7375	6
7376	1
7377	6
7378	2
7379	0
7380	0
7381	0
7382	0
7383	0
7384	5
7385	8
7386	6
7387	3
7388	4
7389	7
7390	1
7391	0
7392	1
7393	2
7394	7
7395	4
7396	1
7397	4
7398	10
7399	7
7400	5
7401	3
7402	5
7403	3
7404	0
7405	9
7406	1
7407	3
7408	0
7409	1
7410	0
7411	2
7412	1
7413	5
7414	10
7415	0
7416	0
7417	0
7418	7
7419	1
7420	1
7421	0
7422	1
7423	2
7424	12
7425	1
7426	3
7427	0
7428	0
7429	2
7430	0
7431	1
7432	8
7433	8
7434	1
7435	0
7436	0
7437	2
7438	0
7439	7
7440	11
7441	0
7442	1
7443	5
7444	0
7445	0
7446	1
7447	0
7448	13
7449	6
7450	1
7451	1
7452	9
7453	5
7454	6
7455	1
7456	0
7457	3
7458	2
7459	3
7460	2
7461	2
7462	0
7463	6
7464	4
7465	0
7466	2
7467	2
7468	1
7469	1
7470	11
7471	0
7472	3
7473	0
7474	0
7475	0
7476	2
7477	4
7478	0
7479	5
7480	3
7481	6
7482	3
7483	0
7484	10
7485	0
7486	0
7487	0
7488	1
7489	3
7490	0
7491	0
7492	1
7493	9
7494	0
7495	0
7496	0
7497	4
7498	1
7499	5
7500	4
7501	0
7502	12
7503	7
7504	0
7505	2
7506	0
7507	1
7508	1
7509	0
7510	3
7511	10
7512	1
7513	1
7514	7
7515	0
7516	1
7517	0
7518	2
7519	1
7520	9
7521	0
7522	3
7523	1
7524	0
7525	1
7526	5
7527	5
7528	9
7529	1
7530	1
7531	6
7532	0
7533	2
7534	17
7535	10
7536	1
7537	2
7538	1
7539	2
7540	3
7541	3
7542	0
7543	0
7544	3
7545	2
7546	6
7547	1
7548	7
7549	4
7550	5
7551	0
7552	4
7553	0
7554	1
7555	9
7556	1
7557	1
7558	1
7559	0
7560	0
7561	3
7562	1
7563	0
7564	0
7565	6
7566	3
7567	1
7568	0
7569	3
7570	10
7571	0
7572	0
7573	10
7574	2
7575	0
7576	0
7577	2
7578	7
7579	1
7580	2
7581	2
7582	1
7583	1
7584	0
7585	2
7586	3
7587	1
7588	7
7589	5
7590	5
7591	1
7592	0
7593	0
7594	0
7595	2
7596	9
7597	1
7598	0
7599	0
7600	1
7601	6
7602	1
7603	3
7604	1
7605	0
7606	7
7607	0
7608	9
7609	6
7610	3
7611	4
7612	3
7613	0
7614	1
7615	1
7616	12
7617	3
7618	0
7619	2
7620	1
7621	0
7622	0
7623	0
7624	4
7625	20
7626	0
7627	1
7628	4
7629	2
7630	0
7631	0
7632	1
7633	5
7634	0
7635	1
7636	3
7637	2
7638	2
7639	1
7640	0
7641	0
7642	1
7643	2
7644	1
7645	1
7646	4
7647	0
7648	0
7649	2
7650	0
7651	1
7652	0
7653	2
7654	7
7655	3
7656	1
7657	2
7658	7
7659	3
7660	0
7661	1
7662	3
7663	13
7664	11
7665	3
7666	0
7667	1
7668	1
7669	0
7670	3
7671	0
7672	7
7673	0
7674	5
7675	0
7676	2
7677	1
7678	1
7679	2
7680	0
7681	1
7682	0
7683	2
7684	18
7685	3
7686	1
7687	3
7688	0
7689	2
7690	0
7691	0
7692	3
7693	0
7694	1
7695	2
7696	8
7697	5
7698	2
7699	1
7700	3
7701	4
7702	0
7703	3
7704	2
7705	1
7706	0
7707	0
7708	1
7709	6
7710	1
7711	2
7712	0
7713	5
7714	6
7715	0
7716	2
7717	0
7718	1
7719	2
7720	5
7721	0
7722	1
7723	7
7724	4
7725	0
7726	2
7727	10
7728	4
7729	2
7730	14
7731	0
7732	2
7733	2
7734	1
7735	5
7736	1
7737	7
7738	1
7739	2
7740	0
7741	0
7742	0
7743	1
7744	0
7745	0
7746	3
7747	2
7748	7
7749	0
7750	0
7751	0
7752	3
7753	11
7754	1
7755	2
7756	0
7757	3
7758	8
7759	1
7760	0
7761	3
7762	3
7763	4
7764	10
7765	11
7766	0
7767	3
7768	5
7769	3
7770	0
7771	0
7772	0
7773	12
7774	4
7775	1
7776	11
7777	2
7778	2
7779	0
7780	0
7781	3
7782	3
7783	3
7784	6
7785	3
7786	3
7787	1
7788	3
7789	4
7790	8
7791	0
7792	4
7793	3
7794	1
7795	5
7796	12
7797	7
7798	2
7799	0
7800	2
7801	13
7802	14
7803	14
7804	2
7805	1
7806	17
7807	5
7808	4
7809	5
7810	1
7811	2
7812	1
7813	0
7814	5
7815	13
7816	2
7817	12
7818	3
7819	1
7820	3
7821	1
7822	0
7823	4
7824	9
7825	0
7826	0
7827	5
7828	0
7829	0
7830	0
7831	0
7832	0
7833	2
7834	1
7835	0
7836	8
7837	0
7838	0
7839	6
7840	6
7841	1
7842	0
7843	0
7844	5
7845	3
7846	5
7847	0
7848	1
7849	3
7850	0
7851	9
7852	0
7853	5
7854	8
7855	4
7856	1
7857	0
7858	0
7859	3
7860	3
7861	2
7862	6
7863	0
7864	6
7865	1
7866	1
7867	0
7868	2
7869	10
7870	1
7871	1
7872	4
7873	2
7874	2
7875	0
7876	1
7877	2
7878	1
7879	14
7880	3
7881	13
7882	0
7883	1
7884	2
7885	1
7886	0
7887	1
7888	2
7889	1
7890	12
7891	6
7892	1
7893	1
7894	5
7895	5
7896	2
7897	0
7898	5
7899	0
7900	5
7901	8
7902	0
7903	9
7904	2
7905	0
7906	1
7907	6
7908	13
7909	23
7910	8
7911	4
7912	0
7913	1
7914	2
7915	0
7916	2
7917	0
7918	0
7919	0
7920	7
7921	1
7922	1
7923	5
7924	5
7925	0
7926	4
7927	5
7928	1
7929	1
7930	1
7931	15
7932	16
7933	1
7934	12
7935	3
7936	8
7937	0
7938	0
7939	3
7940	0
7941	0
7942	3
7943	1
7944	4
7945	1
7946	8
7947	6
7948	3
7949	0
7950	2
7951	1
7952	2
7953	0
7954	3
7955	1
7956	6
7957	0
7958	1
7959	2
7960	2
7961	3
7962	0
7963	5
7964	0
7965	1
7966	5
7967	8
7968	0
7969	2
7970	1
7971	2
7972	5
7973	15
7974	5
7975	1
7976	4
7977	2
7978	2
7979	0
7980	0
7981	0
7982	1
7983	11
7984	0
7985	3
7986	5
7987	0
7988	9
7989	6
7990	1
7991	3
7992	0
7993	7
7994	4
7995	1
7996	13
7997	9
7998	5
7999	0
8000	5
8001	0
8002	2
8003	5
8004	2
8005	3
8006	0
8007	13
8008	4
8009	2
8010	2
8011	7
8012	4
8013	1
8014	3
8015	5
8016	1
8017	3
8018	3
8019	2
8020	11
8021	2
8022	0
8023	12
8024	6
8025	0
8026	2
8027	0
8028	1
8029	2
8030	2
8031	2
8032	2
8033	1
8034	6
8035	2
8036	0
8037	1
8038	4
8039	17
8040	4
8041	0
8042	1
8043	1
8044	8
8045	0
8046	1
8047	0
8048	2
8049	0
8050	2
8051	12
8052	0
8053	12
8054	2
8055	5
8056	2
8057	3
8058	2
8059	1
8060	3
8061	3
8062	10
8063	7
8064	9
8065	7
8066	7
8067	2
8068	17
8069	1
8070	0
8071	8
8072	2
8073	4
8074	1
8075	5
8076	1
8077	5
8078	4
8079	1
8080	1
8081	0
8082	6
8083	11
8084	11
8085	1
8086	0
8087	0
8088	0
8089	0
8090	2
8091	0
8092	2
8093	10
8094	0
8095	11
8096	0
8097	1
8098	0
8099	18
8100	0
8101	0
8102	5
8103	7
8104	2
8105	2
8106	0
8107	2
8108	8
8109	0
8110	1
8111	0
8112	1
8113	0
8114	1
8115	0
8116	2
8117	10
8118	12
8119	2
8120	0
8121	12
8122	0
8123	12
8124	0
8125	1
8126	0
8127	0
8128	7
8129	4
8130	0
8131	3
8132	1
8133	0
8134	3
8135	0
8136	5
8137	0
8138	8
8139	11
8140	50
8141	5
8142	10
8143	7
8144	12
8145	0
8146	1
8147	4
8148	15
8149	5
8150	2
8151	9
8152	1
8153	5
8154	7
8155	1
8156	0
8157	1
8158	8
8159	0
8160	0
8161	2
8162	2
8163	4
8164	0
8165	5
8166	2
8167	2
8168	5
8169	10
8170	8
8171	1
8172	3
8173	2
8174	3
8175	1
8176	6
8177	2
8178	1
8179	2
8180	0
8181	1
8182	1
8183	5
8184	0
8185	2
8186	4
8187	2
8188	0
8189	1
8190	22
8191	1
8192	2
8193	9
8194	4
8195	0
8196	0
8197	0
8198	5
8199	4
8200	3
8201	0
8202	6
8203	5
8204	6
8205	5
8206	0
8207	5
8208	0
8209	0
8210	1
8211	5
8212	0
8213	0
8214	3
8215	1
8216	2
8217	1
8218	0
8219	0
8220	1
8221	0
8222	0
8223	10
8224	1
8225	2
8226	2
8227	1
8228	1
8229	10
8230	2
8231	15
8232	15
8233	0
8234	2
8235	1
8236	3
8237	1
8238	9
8239	6
8240	5
8241	0
8242	8
8243	0
8244	1
8245	4
8246	2
8247	8
8248	0
8249	4
8250	8
8251	7
8252	2
8253	6
8254	1
8255	1
8256	1
8257	0
8258	2
8259	0
8260	3
8261	0
8262	0
8263	1
8264	7
8265	8
8266	3
8267	2
8268	9
8269	1
8270	2
8271	0
8272	1
8273	8
8274	2
8275	3
8276	1
8277	3
8278	2
8279	1
8280	4
8281	0
8282	0
8283	0
8284	7
8285	8
8286	9
8287	6
8288	4
8289	1
8290	6
8291	8
8292	5
8293	1
8294	0
8295	3
8296	4
8297	1
8298	2
8299	0
8300	0
8301	3
8302	7
8303	3
8304	5
8305	3
8306	4
8307	7
8308	0
8309	1
8310	1
8311	2
8312	19
8313	0
8314	8
8315	0
8316	5
8317	1
8318	4
8319	0
8320	2
8321	6
8322	2
8323	2
8324	5
8325	0
8326	0
8327	1
8328	6
8329	0
8330	0
8331	5
8332	2
8333	2
8334	4
8335	1
8336	11
8337	1
8338	0
8339	0
8340	0
8341	0
8342	2
8343	7
8344	8
8345	7
8346	6
8347	11
8348	1
8349	1
8350	1
8351	1
8352	3
8353	1
8354	1
8355	4
8356	0
8357	4
8358	8
8359	6
8360	2
8361	1
8362	2
8363	4
8364	0
8365	2
8366	2
8367	0
8368	1
8369	13
8370	2
8371	1
8372	0
8373	1
8374	3
8375	2
8376	1
8377	5
8378	6
8379	12
8380	6
8381	1
8382	0
8383	0
8384	6
8385	1
8386	1
8387	1
8388	13
8389	8
8390	0
8391	0
8392	5
8393	0
8394	0
8395	5
8396	2
8397	0
8398	0
8399	3
8400	0
8401	8
8402	8
8403	0
8404	5
8405	1
8406	6
8407	0
8408	6
8409	4
8410	0
8411	11
8412	6
8413	5
8414	2
8415	0
8416	0
8417	3
8418	11
8419	2
8420	0
8421	1
8422	0
8423	1
8424	2
8425	3
8426	2
8427	4
8428	0
8429	0
8430	5
8431	4
8432	6
8433	3
8434	5
8435	1
8436	4
8437	0
8438	0
8439	0
8440	2
8441	17
8442	3
8443	0
8444	3
8445	3
8446	0
8447	3
8448	1
8449	0
8450	3
8451	5
8452	4
8453	50
8454	1
8455	0
8456	3
8457	5
8458	9
8459	2
8460	0
8461	1
8462	0
8463	0
8464	10
8465	5
8466	0
8467	1
8468	2
8469	1
8470	0
8471	1
8472	0
8473	3
8474	1
8475	7
8476	14
8477	4
8478	6
8479	13
8480	0
8481	10
8482	2
8483	0
8484	2
8485	2
8486	14
8487	0
8488	8
8489	2
8490	11
8491	3
8492	6
8493	0
8494	1
8495	3
8496	5
8497	6
8498	2
8499	0
8500	1
8501	0
8502	0
8503	1
8504	0
8505	1
8506	3
8507	6
8508	10
8509	50
8510	19
8511	7
8512	4
8513	3
8514	0
8515	2
8516	0
8517	12
8518	7
8519	4
8520	27
8521	1
8522	5
8523	2
8524	0
8525	0
8526	8
8527	2
8528	13
8529	1
8530	7
8531	0
8532	7
8533	2
8534	0
8535	1
8536	0
8537	6
8538	0
8539	0
8540	11
8541	2
8542	1
8543	0
8544	0
8545	4
8546	1
8547	3
8548	1
8549	1
8550	0
8551	0
8552	2
8553	0
8554	14
8555	0
8556	2
8557	0
8558	6
8559	0
8560	1
8561	0
8562	1
8563	0
8564	0
8565	0
8566	8
8567	1
8568	15
8569	0
8570	10
8571	1
8572	2
8573	0
8574	12
8575	0
8576	0
8577	0
8578	4
8579	5
8580	0
8581	0
8582	0
8583	1
8584	0
8585	1
8586	2
8587	2
8588	0
8589	11
8590	0
8591	0
8592	0
8593	19
8594	3
8595	0
8596	1
8597	8
8598	1
8599	1
8600	0
8601	6
8602	1
8603	5
8604	3
8605	5
8606	0
8607	4
8608	0
8609	6
8610	0
8611	0
8612	1
8613	5
8614	8
8615	0
8616	6
8617	5
8618	0
8619	0
8620	6
8621	2
8622	1
8623	2
8624	2
8625	2
8626	2
8627	1
8628	1
8629	0
8630	0
8631	0
8632	1
8633	0
8634	0
8635	0
8636	11
8637	3
8638	4
8639	1
8640	50
8641	1
8642	3
8643	7
8644	0
8645	7
8646	6
8647	2
8648	1
8649	5
8650	1
8651	10
8652	2
8653	0
8654	4
8655	16
8656	1
8657	4
8658	6
8659	2
8660	11
8661	3
8662	0
8663	2
8664	6
8665	5
8666	2
8667	8
8668	7
8669	0
8670	0
8671	0
8672	10
8673	3
8674	0
8675	0
8676	4
8677	9
8678	1
8679	1
8680	0
8681	5
8682	2
8683	0
8684	11
8685	0
8686	2
8687	0
8688	3
8689	4
8690	1
8691	2
8692	5
8693	15
8694	4
8695	4
8696	3
8697	0
8698	0
8699	5
