0	0
1	-10.0
3	47.7527
4	-10.0
5	-10.0
7	52.018
9	47.7527
10	-10.0
11	-10.0
12	-10.0
14	45.8328
15	-10.0
17	52.8056
18	-10.0
21	108.7227
23	45.3146
25	45.3586
27	43.7036
28	-10.0
30	39.3917
31	-10.0
33	47.7527
34	-10.0
36	52.9174
39	111.1002
40	-10.0
41	-10.0
42	-10.0
43	-10.0
49	259.2144
50	-10.0
54	165.5446
55	-10.0
57	39.3917
58	-10.0
63	229.81900000000002
64	-10.0
65	-10.0
66	-10.0
67	-10.0
68	-10.0
69	-10.0
70	-10.0
71	-10.0
72	-10.0
75	115.3319
76	-10.0
80	243.7036
82	47.7527
83	-10.0
86	143.7036
88	52.2419
89	-10.0
90	-10.0
91	-10.0
92	-10.0
94	39.3917
96	43.3757
97	-10.0
98	-10.0
99	-10.0
103	210.65030000000002
104	-10.0
107	97.9778
114	454.5802
115	-10.0
118	149.23919999999998
119	-10.0
120	-10.0
121	-10.0
122	-10.0
123	-10.0
124	-10.0
125	-10.0
129	185.1249
130	-10.0
131	-10.0
132	-10.0
133	-10.0
135	39.3917
136	-10.0
137	-10.0
138	-10.0
140	43.7036
143	141.02190000000002
144	-10.0
148	144.24110000000002
150	39.3917
152	43.7036
153	-10.0
158	213.9819
159	-10.0
160	-10.0
162	48.8563
163	-10.0
164	-10.0
165	-10.0
166	-10.0
167	-10.0
168	-10.0
171	110.4511
172	-10.0
173	-10.0
176	152.5665
178	50.3473
180	36.7246
181	-10.0
182	-10.0
184	39.3917
185	-10.0
186	-10.0
188	49.0765
192	212.1166
193	-10.0
194	-10.0
195	-10.0
197	43.7036
199	47.7527
201	39.3917
202	-10.0
204	43.8822
208	169.6806
209	-10.0
210	-10.0
211	-10.0
212	-10.0
215	110.4596
216	-10.0
218	52.924
221	107.9909
222	-10.0
223	-10.0
224	-10.0
229	219.6538
230	-10.0
232	39.3917
233	-10.0
235	51.7181
237	47.8468
238	-10.0
240	39.3917
241	-10.0
245	167.95
247	52.8584
248	-10.0
249	-10.0
250	-10.0
251	-10.0
252	-10.0
253	-10.0
254	-10.0
255	-10.0
256	-10.0
257	-10.0
265	430.283
266	-10.0
268	39.3917
271	103.2542
272	-10.0
274	47.7527
279	291.0041
283	202.2561
284	-10.0
285	-10.0
287	51.1835
288	-10.0
289	-10.0
291	43.9436
296	211.8191
297	-10.0
298	-10.0
299	-10.0
307	378.02650000000006
308	-10.0
312	199.0334
313	-10.0
314	-10.0
315	-10.0
316	-10.0
318	41.0854
319	-10.0
320	-10.0
322	52.1861
323	-10.0
327	161.7553
329	47.7527
330	-10.0
332	47.7527
334	39.3917
335	-10.0
336	-10.0
337	-10.0
339	43.7036
341	46.7639
344	100.1947
345	-10.0
346	-10.0
347	-10.0
348	-10.0
349	-10.0
350	-10.0
351	-10.0
352	-10.0
356	196.77089999999998
358	50.325
361	99.75829999999999
363	90.0
365	43.7036
368	101.8959
370	44.4352
371	-10.0
372	-10.0
373	-10.0
374	-10.0
375	-10.0
377	43.7036
379	51.641
381	50.4541
382	-10.0
383	-10.0
385	43.7036
386	-10.0
387	-10.0
388	-10.0
389	-10.0
391	43.7036
393	43.7036
395	52.1457
396	-10.0
398	39.3917
403	213.3865
406	101.5589
407	-10.0
408	-10.0
411	106.6899
412	-10.0
413	-10.0
415	47.3836
417	47.7527
420	106.2052
421	-10.0
422	-10.0
424	52.0559
425	-10.0
427	52.8651
430	107.9425
431	-10.0
432	-10.0
435	115.3118
438	104.0163
439	-10.0
441	52.2536
443	50.4596
445	46.2837
446	-10.0
447	-10.0
448	-10.0
450	47.0955
452	47.7527
453	-10.0
454	-10.0
457	110.3788
458	-10.0
459	-10.0
463	158.1092
468	257.0822
470	52.9334
472	43.7036
473	-10.0
474	-10.0
477	109.4459
478	-10.0
479	-10.0
480	-10.0
481	-10.0
484	109.655
489	199.1402
491	39.3917
492	-10.0
493	-10.0
495	47.7527
496	-10.0
498	39.3917
500	39.3917
501	-10.0
503	50.8454
505	39.3917
506	-10.0
509	98.0969
510	-10.0
514	153.05880000000002
515	-10.0
516	-10.0
519	97.2788
520	-10.0
521	-10.0
522	-10.0
524	50.831
526	52.4737
528	39.3917
531	105.4605
537	271.26509999999996
539	90.0
541	39.3917
544	101.3339
545	-10.0
547	47.7527
550	111.0335
555	227.7541
556	-10.0
558	39.3917
559	-10.0
561	90.0
562	-10.0
563	-10.0
564	-10.0
567	113.1833
571	191.34390000000002
574	109.8725
575	-10.0
576	-10.0
577	-10.0
580	147.962
583	104.2601
584	-10.0
585	-10.0
589	154.0291
590	-10.0
592	52.2162
593	-10.0
596	102.14070000000001
598	48.4116
599	-10.0
600	-10.0
601	-10.0
603	43.7036
605	51.641
607	52.0623
608	-10.0
610	47.7527
612	48.9292
613	-10.0
616	96.60390000000001
618	45.2426
619	-10.0
620	-10.0
621	-10.0
622	-10.0
623	-10.0
624	-10.0
627	103.2385
628	-10.0
629	-10.0
630	-10.0
634	155.3506
635	-10.0
636	-10.0
637	-10.0
638	-10.0
639	-10.0
640	-10.0
642	45.3407
644	45.291
645	-10.0
646	-10.0
647	-10.0
649	43.7036
650	-10.0
651	-10.0
652	-10.0
654	45.3186
655	-10.0
656	-10.0
657	-10.0
659	52.9293
660	-10.0
662	48.4116
664	43.7036
665	-10.0
666	-10.0
667	-10.0
669	41.12
670	-10.0
672	52.898
673	-10.0
677	198.722
679	90.0
680	-10.0
681	-10.0
682	-10.0
683	-10.0
687	199.123
689	45.3646
690	-10.0
691	-10.0
692	-10.0
693	-10.0
695	36.6018
696	-10.0
702	279.6584
703	-10.0
710	323.8146
711	-10.0
713	50.9625
714	-10.0
715	-10.0
718	103.2023
719	-10.0
725	263.98560000000003
726	-10.0
727	-10.0
729	51.1937
730	-10.0
734	197.7567
735	-10.0
736	-10.0
737	-10.0
740	149.2305
741	-10.0
743	43.7036
744	-10.0
747	107.6856
750	140.4004
754	144.4187
755	-10.0
756	-10.0
757	-10.0
758	-10.0
762	170.1706
763	-10.0
764	-10.0
766	47.7527
767	-10.0
768	-10.0
771	108.1939
774	115.8877
777	108.89609999999999
779	49.1626
781	52.8324
785	157.196
786	-10.0
790	139.8742
792	52.0821
793	-10.0
794	-10.0
795	-10.0
796	-10.0
799	101.4975
800	-10.0
801	-10.0
802	-10.0
803	-10.0
805	49.6167
807	43.7036
809	44.5544
810	-10.0
812	48.824
813	-10.0
814	-10.0
815	-10.0
816	-10.0
818	52.9412
819	-10.0
820	-10.0
821	-10.0
822	-10.0
823	-10.0
826	108.43379999999999
828	45.2929
829	-10.0
830	-10.0
831	-10.0
833	52.893
835	39.3917
836	-10.0
839	113.184
840	-10.0
841	-10.0
843	49.0676
844	-10.0
846	39.3917
847	-10.0
852	210.3667
853	-10.0
854	-10.0
855	-10.0
857	39.3917
858	-10.0
859	-10.0
861	43.7036
864	111.3579
866	43.7036
869	105.6703
870	-10.0
871	-10.0
879	401.01120000000003
880	-10.0
881	-10.0
882	-10.0
884	39.3917
886	52.1527
887	-10.0
888	-10.0
892	156.5058
894	39.3917
897	103.8762
898	-10.0
900	52.1144
901	-10.0
902	-10.0
903	-10.0
909	314.5815
910	-10.0
914	210.2126
915	-10.0
916	-10.0
917	-10.0
920	86.8324
923	143.7036
924	-10.0
925	-10.0
928	103.1225
929	-10.0
930	-10.0
931	-10.0
934	150.4875
938	211.4678
940	36.7555
942	47.7527
945	101.8968
946	-10.0
947	-10.0
948	-10.0
949	-10.0
951	45.5774
952	-10.0
953	-10.0
958	227.9006
963	223.5086
964	-10.0
965	-10.0
967	52.8687
970	110.00919999999999
971	-10.0
973	45.6371
974	-10.0
976	43.7036
978	39.5628
980	52.8719
981	-10.0
983	41.3553
986	103.96170000000001
990	205.41
992	90.0
994	47.7527
996	45.1486
997	-10.0
999	47.7527
1000	-10.0
1003	110.28790000000001
1004	-10.0
1005	-10.0
1006	-10.0
1008	47.7527
1009	-10.0
1010	-10.0
1011	-10.0
1013	43.7036
1014	-10.0
1015	-10.0
1017	40.7153
1018	-10.0
1019	-10.0
1020	-10.0
1021	-10.0
1025	145.88959999999997
1026	-10.0
1027	-10.0
1031	194.76190000000003
1032	-10.0
1033	-10.0
1035	45.7227
1036	-10.0
1038	39.3917
1039	-10.0
1041	39.3917
1042	-10.0
1043	-10.0
1044	-10.0
1045	-10.0
1046	-10.0
1047	-10.0
1051	151.7726
1052	-10.0
1053	-10.0
1055	47.4565
1057	47.7527
1058	-10.0
1060	45.2856
1061	-10.0
1062	-10.0
1063	-10.0
1065	43.7036
1067	90.0
1068	-10.0
1070	47.7527
1073	101.0136
1074	-10.0
1076	50.9189
1078	43.7036
1079	-10.0
1080	-10.0
1081	-10.0
1082	-10.0
1083	-10.0
1084	-10.0
1085	-10.0
1088	103.9848
1090	43.7036
1091	-10.0
1092	-10.0
1094	43.7036
1099	224.1076
1100	-10.0
1101	-10.0
1102	-10.0
1103	-10.0
1104	-10.0
1105	-10.0
1106	-10.0
1108	50.9606
1111	94.61160000000001
1112	-10.0
1116	202.2604
1117	-10.0
1118	-10.0
1120	47.7527
1122	47.7527
1124	49.0545
1126	47.7527
1127	-10.0
1129	52.8163
1130	-10.0
1132	43.7036
1133	-10.0
1136	106.3783
1138	47.7527
1140	50.5602
1145	252.685
1148	107.2487
1152	176.5976
1153	-10.0
1154	-10.0
1155	-10.0
1156	-10.0
1157	-10.0
1159	39.3917
1160	-10.0
1161	-10.0
1162	-10.0
1165	140.7186
1166	-10.0
1168	48.6777
1170	43.7036
1171	-10.0
1174	101.3703
1175	-10.0
1177	40.8954
1178	-10.0
1179	-10.0
1181	43.7036
1182	-10.0
1185	148.4116
1186	-10.0
1188	39.3917
1193	204.22639999999998
1195	44.4352
1196	-10.0
1198	43.7036
1201	97.1423
1205	162.3901
1208	143.65370000000001
1211	96.56970000000001
1213	45.0483
1214	-10.0
1215	-10.0
1216	-10.0
1217	-10.0
1219	48.9581
1220	-10.0
1221	-10.0
1223	43.7036
1225	48.4668
1226	-10.0
1228	47.7527
1232	163.57600000000002
1233	-10.0
1234	-10.0
1235	-10.0
1236	-10.0
1237	-10.0
1239	52.1603
1240	-10.0
1242	43.2034
1244	52.2712
1246	43.7036
1248	47.7527
1251	95.5429
1252	-10.0
1253	-10.0
1257	185.1249
1258	-10.0
1259	-10.0
1260	-10.0
1261	-10.0
1262	-10.0
1265	143.4669
1266	-10.0
1267	-10.0
1270	102.2829
1271	-10.0
1272	-10.0
1322	121.5266
1326	160.1356
1329	140.32670000000002
1330	-10.0
1331	-10.0
1332	-10.0
1333	-10.0
1334	-10.0
1335	-10.0
1337	48.9907
1338	-10.0
1341	103.4084
1342	-10.0
1343	-10.0
1346	103.20070000000001
1348	49.1778
1349	-10.0
1350	-10.0
1351	-10.0
1358	347.15270000000004
1359	-10.0
1362	149.3085
1363	-10.0
1364	-10.0
1365	-10.0
1366	-10.0
1367	-10.0
1370	114.5466
1372	52.2855
1373	-10.0
1374	-10.0
1375	-10.0
1376	-10.0
1379	104.13069999999999
1380	-10.0
1381	-10.0
1382	-10.0
1384	44.494
1385	-10.0
1386	-10.0
1388	43.7036
1389	-10.0
1390	-10.0
1391	-10.0
1393	47.5808
1394	-10.0
1396	50.7466
1397	-10.0
1398	-10.0
1400	50.5894
1401	-10.0
1403	45.4189
1406	112.9949
1407	-10.0
1409	47.4598
1411	43.7036
1414	97.1699
1417	146.7707
1419	52.803
1423	202.11350000000002
1425	52.9854
1427	44.4352
1433	258.8967
1435	39.3917
1436	-10.0
1438	52.9761
1439	-10.0
1440	-10.0
1442	43.7036
1445	102.3349
1447	45.4156
1449	39.3917
1450	-10.0
1454	185.1249
1455	-10.0
1458	96.95320000000001
1460	47.7314
1462	37.0737
1465	106.6248
1468	143.7036
1469	-10.0
1471	44.4352
1472	-10.0
1473	-10.0
1474	-10.0
1475	-10.0
1476	-10.0
1479	110.4957
1483	155.83079999999998
1484	-10.0
1486	48.4116
1489	113.3241
1490	-10.0
1491	-10.0
1492	-10.0
1493	-10.0
1494	-10.0
1495	-10.0
1496	-10.0
1499	100.2804
1502	91.8517
1503	-10.0
1505	50.9002
1506	-10.0
1508	39.3917
1509	-10.0
1510	-10.0
1514	168.6501
1516	47.7527
1517	-10.0
1518	-10.0
1520	48.4116
1522	43.2383
1525	147.7527
1527	50.3573
1529	52.7061
1532	105.5017
1533	-10.0
1536	147.7527
1538	50.3656
1540	43.7036
1543	105.1896
1544	-10.0
1555	540.4713
1556	-10.0
1557	-10.0
1559	48.9892
1561	52.5456
1562	-10.0
1570	426.9045
1571	-10.0
1572	-10.0
1573	-10.0
1574	-10.0
1576	44.4352
1578	47.7527
1580	47.7527
1581	-10.0
1582	-10.0
1583	-10.0
1584	-10.0
1587	95.5487
1588	-10.0
1590	49.1811
1591	-10.0
1592	-10.0
1598	322.8984
1599	-10.0
1600	-10.0
1601	-10.0
1603	47.7527
1604	-10.0
1608	239.4983
1611	105.9085
1612	-10.0
1613	-10.0
1614	-10.0
1616	47.8455
1617	-10.0
1619	51.929
1620	-10.0
1621	-10.0
1623	52.0709
1628	200.4626
1629	-10.0
1630	-10.0
1631	-10.0
1632	-10.0
1635	112.33279999999999
1636	-10.0
1642	313.89610000000005
1645	103.68119999999999
1646	-10.0
1647	-10.0
1648	-10.0
1651	95.5685
1654	102.1554
1655	-10.0
1656	-10.0
1657	-10.0
1658	-10.0
1659	-10.0
1660	-10.0
1661	-10.0
1662	-10.0
1664	43.7036
1665	-10.0
1666	-10.0
1670	162.7375
1671	-10.0
1672	-10.0
1673	-10.0
1674	-10.0
1675	-10.0
1676	-10.0
1677	-10.0
1681	200.9694
1682	-10.0
1683	-10.0
1684	-10.0
1685	-10.0
1686	-10.0
1692	253.7022
1693	-10.0
1695	49.5125
1696	-10.0
1697	-10.0
1699	90.0
1700	-10.0
1701	-10.0
1702	-10.0
1704	52.9395
1709	202.5124
1714	224.3123
1715	-10.0
1716	-10.0
1717	-10.0
1718	-10.0
1719	-10.0
1720	-10.0
1723	103.71809999999999
1724	-10.0
1725	-10.0
1727	43.7036
1728	-10.0
1729	-10.0
1733	160.9475
1735	46.734
1737	39.3917
1738	-10.0
1744	252.19759999999997
1745	-10.0
1748	109.62010000000001
1749	-10.0
1750	-10.0
1752	43.7036
1754	52.8947
1755	-10.0
1756	-10.0
1757	-10.0
1760	99.5021
1763	107.51249999999999
1765	90.0
1766	-10.0
1767	-10.0
1768	-10.0
1769	-10.0
1775	267.58360000000005
1776	-10.0
1778	39.3917
1782	160.6236
1783	-10.0
1784	-10.0
1785	-10.0
1787	47.7527
1788	-10.0
1790	50.9378
1791	-10.0
1841	115.3446
1843	47.7527
1845	52.101
1846	-10.0
1848	47.7527
1852	153.7319
1853	-10.0
1857	185.1249
1858	-10.0
1859	-10.0
1860	-10.0
1864	175.3949
1866	43.5928
1867	-10.0
1869	39.3917
1872	108.35640000000001
1873	-10.0
1874	-10.0
1876	44.4352
1877	-10.0
1878	-10.0
1879	-10.0
1881	43.7036
1883	51.641
1885	47.7527
1888	102.5321
1889	-10.0
1890	-10.0
1891	-10.0
1892	-10.0
1894	47.7527
1895	-10.0
1896	-10.0
1897	-10.0
1898	-10.0
1899	-10.0
1902	101.5292
1903	-10.0
1910	357.6388
1911	-10.0
1912	-10.0
1914	43.7036
1916	47.7527
1919	101.0673
1921	39.3917
1923	52.8985
1925	52.0499
1926	-10.0
1927	-10.0
1928	-10.0
1929	-10.0
1930	-10.0
1933	102.7416
1935	43.7036
1936	-10.0
1937	-10.0
1938	-10.0
1940	39.3917
1942	47.7527
1944	42.8331
1945	-10.0
1946	-10.0
1948	49.3399
1949	-10.0
1951	48.5026
1952	-10.0
1953	-10.0
1955	51.724
1956	-10.0
1957	-10.0
1958	-10.0
1959	-10.0
1962	147.7527
1963	-10.0
1964	-10.0
1965	-10.0
1967	49.4567
1968	-10.0
1971	104.40899999999999
1972	-10.0
1975	110.8368
1976	-10.0
1977	-10.0
1978	-10.0
1979	-10.0
1980	-10.0
1982	39.3917
1983	-10.0
1984	-10.0
1985	-10.0
1987	45.2546
1989	51.9193
1990	-10.0
1991	-10.0
1997	274.88750000000005
1998	-10.0
1999	-10.0
2000	-10.0
2006	269.6825
2008	46.9378
2009	-10.0
2012	98.7978
2013	-10.0
2014	-10.0
2015	-10.0
2016	-10.0
2018	44.4352
2019	-10.0
2020	-10.0
2022	39.3917
2025	99.5621
2027	49.3557
2028	-10.0
2030	52.3554
2031	-10.0
2032	-10.0
2034	43.7036
2035	-10.0
2036	-10.0
2037	-10.0
2039	90.0
2040	-10.0
2044	151.544
2045	-10.0
2046	-10.0
2047	-10.0
2051	151.4851
2052	-10.0
2053	-10.0
2054	-10.0
2056	44.8339
2057	-10.0
2058	-10.0
2059	-10.0
2060	-10.0
2061	-10.0
2062	-10.0
2063	-10.0
2064	-10.0
2065	-10.0
2066	-10.0
2067	-10.0
2068	-10.0
2070	36.8524
2073	97.58170000000001
2075	47.7527
2076	-10.0
2077	-10.0
2081	151.113
2084	104.3116
2087	105.4636
2090	100.1762
2092	43.7036
2094	48.9505
2096	45.4359
2097	-10.0
2098	-10.0
2099	-10.0
2101	47.7527
2105	151.1885
2106	-10.0
2111	247.26729999999998
2115	185.1249
2118	107.48509999999999
2119	-10.0
2120	-10.0
2124	154.32999999999998
2126	50.447
2128	47.0895
2129	-10.0
2131	43.7036
2133	48.4116
2135	39.3917
2136	-10.0
2137	-10.0
2139	90.0
2140	-10.0
2141	-10.0
2142	-10.0
2143	-10.0
2146	100.8375
2148	50.3598
2151	102.605
2152	-10.0
2154	43.7036
2155	-10.0
2156	-10.0
2157	-10.0
2159	43.7036
2161	43.7036
2166	258.0023
2168	52.2431
2169	-10.0
2170	-10.0
2171	-10.0
2173	49.167
2174	-10.0
2176	39.3917
2179	103.8269
2180	-10.0
2181	-10.0
2182	-10.0
2185	107.77000000000001
2187	39.3917
2188	-10.0
2189	-10.0
2190	-10.0
2192	43.7036
2193	-10.0
2196	113.1901
2197	-10.0
2198	-10.0
2199	-10.0
2200	-10.0
2201	-10.0
2202	-10.0
2204	39.3917
2205	-10.0
2207	51.6991
2209	52.4475
2210	-10.0
2212	50.5779
2213	-10.0
2215	39.4816
2216	-10.0
2218	43.7036
2219	-10.0
2221	47.0706
2222	-10.0
2223	-10.0
2225	52.4426
2233	386.63250000000005
2235	39.3917
2237	43.7036
2239	51.641
2240	-10.0
2243	107.75
2244	-10.0
2245	-10.0
2247	47.7527
2248	-10.0
2249	-10.0
2251	47.7527
2253	47.7527
2254	-10.0
2255	-10.0
2257	40.5884
2258	-10.0
2260	45.2216
2262	39.3917
2264	43.7036
2265	-10.0
2266	-10.0
2267	-10.0
2271	141.74259999999998
2272	-10.0
2273	-10.0
2275	43.7036
2276	-10.0
2280	204.0876
2282	49.1891
2283	-10.0
2284	-10.0
2285	-10.0
2286	-10.0
2288	45.2521
2289	-10.0
2290	-10.0
2293	107.67779999999999
2296	111.488
2298	43.7036
2299	-10.0
2300	-10.0
2301	-10.0
2303	39.3917
2307	146.81119999999999
2308	-10.0
2309	-10.0
2310	-10.0
2311	-10.0
2315	185.1249
2316	-10.0
2317	-10.0
2318	-10.0
2320	39.3917
2321	-10.0
2322	-10.0
2323	-10.0
2324	-10.0
2325	-10.0
2327	45.3965
2328	-10.0
2329	-10.0
2331	44.9954
2332	-10.0
2333	-10.0
2334	-10.0
2335	-10.0
2337	45.5396
2338	-10.0
2339	-10.0
2341	43.7036
2343	47.7527
2345	43.0806
2347	47.7527
2349	52.6765
2350	-10.0
2351	-10.0
2353	43.7036
2355	90.0
2356	-10.0
2357	-10.0
2364	313.62840000000006
2366	39.3917
2368	52.9327
2369	-10.0
2372	111.91460000000001
2373	-10.0
2374	-10.0
2375	-10.0
2377	43.7036
2380	112.0153
2382	45.3184
2384	43.7036
2387	102.4948
2390	97.90450000000001
2391	-10.0
2392	-10.0
2394	45.2734
2395	-10.0
2397	48.4116
2401	163.1798
2402	-10.0
2403	-10.0
2404	-10.0
2405	-10.0
2407	39.3917
2408	-10.0
2409	-10.0
2411	41.4792
2412	-10.0
2413	-10.0
2414	-10.0
2415	-10.0
2417	52.8734
2418	-10.0
2419	-10.0
2420	-10.0
2421	-10.0
2422	-10.0
2423	-10.0
2424	-10.0
2426	47.7527
2429	107.44579999999999
2430	-10.0
2431	-10.0
2432	-10.0
2433	-10.0
2435	51.9131
2436	-10.0
2438	47.1994
2440	39.3917
2441	-10.0
2445	159.19400000000002
2447	52.9178
2448	-10.0
2449	-10.0
2450	-10.0
2452	43.7036
2454	52.8318
2460	276.4308
2461	-10.0
2463	90.0
2464	-10.0
2465	-10.0
2469	201.7391
2470	-10.0
2473	110.8629
2474	-10.0
2475	-10.0
2476	-10.0
2477	-10.0
2479	41.0666
2480	-10.0
2482	45.2348
2483	-10.0
2485	52.6907
2487	52.9106
2489	50.8923
2492	99.83940000000001
2493	-10.0
2495	47.7527
2496	-10.0
2497	-10.0
2498	-10.0
2500	39.3917
2501	-10.0
2502	-10.0
2503	-10.0
2507	165.98219999999998
2508	-10.0
2509	-10.0
2510	-10.0
2511	-10.0
2512	-10.0
2513	-10.0
2514	-10.0
2518	162.1248
2519	-10.0
2520	-10.0
2523	98.8177
2526	107.9767
2528	43.7036
2529	-10.0
2531	43.7036
2532	-10.0
2533	-10.0
2534	-10.0
2536	47.7527
2537	-10.0
2540	109.7278
2543	114.1601
2547	163.6171
2548	-10.0
2549	-10.0
2550	-10.0
2551	-10.0
2554	103.65559999999999
2556	52.8506
2557	-10.0
2558	-10.0
2559	-10.0
2562	113.187
2563	-10.0
2564	-10.0
2565	-10.0
2568	96.81880000000001
2569	-10.0
2576	383.36710000000005
2577	-10.0
2578	-10.0
2580	47.7527
2584	154.917
2585	-10.0
2586	-10.0
2587	-10.0
2588	-10.0
2590	47.7527
2593	100.4697
2595	47.7527
2596	-10.0
2597	-10.0
2598	-10.0
2600	47.7527
2602	47.5086
2603	-10.0
2607	161.889
2609	39.3917
2612	112.239
2613	-10.0
2616	106.6916
2617	-10.0
2618	-10.0
2619	-10.0
2620	-10.0
2622	47.7527
2623	-10.0
2624	-10.0
2625	-10.0
2626	-10.0
2627	-10.0
2628	-10.0
2629	-10.0
2630	-10.0
2634	168.3593
2635	-10.0
2637	52.9027
2639	47.7527
2640	-10.0
2641	-10.0
2643	50.3614
2644	-10.0
2645	-10.0
2646	-10.0
2648	47.7527
2649	-10.0
2650	-10.0
2651	-10.0
2652	-10.0
2654	43.7036
2655	-10.0
2656	-10.0
2657	-10.0
2659	48.4116
2660	-10.0
2663	105.6097
2664	-10.0
2667	101.07910000000001
2668	-10.0
2669	-10.0
2670	-10.0
2671	-10.0
2672	-10.0
2674	50.8077
2684	558.2396
2687	111.4783
2689	47.5203
2690	-10.0
2691	-10.0
2692	-10.0
2694	47.7527
2695	-10.0
2696	-10.0
2698	52.8087
2702	162.7438
2703	-10.0
2704	-10.0
2706	45.6451
2708	43.7036
2709	-10.0
2712	98.3411
2713	-10.0
2714	-10.0
2716	39.3917
2717	-10.0
2718	-10.0
2721	99.7779
2722	-10.0
2723	-10.0
2727	155.8504
2729	39.3917
2731	50.5735
2734	111.4394
2737	95.1571
2738	-10.0
2741	111.1962
2742	-10.0
2744	48.4116
2745	-10.0
2748	145.0501
2750	43.7036
2751	-10.0
2753	43.7036
2756	109.2717
2757	-10.0
2758	-10.0
2761	106.2612
2762	-10.0
2763	-10.0
2764	-10.0
2765	-10.0
2769	213.7087
2771	45.4732
2772	-10.0
2773	-10.0
2774	-10.0
2776	90.0
2779	99.10130000000001
2781	47.7527
2782	-10.0
2784	45.4795
2786	47.7527
2788	52.9088
2790	52.2182
2791	-10.0
2792	-10.0
2794	47.7527
2797	103.70439999999999
2799	47.7527
2802	99.5961
2803	-10.0
2805	90.0
2806	-10.0
2811	271.373
2814	102.39150000000001
2815	-10.0
2816	-10.0
2817	-10.0
2818	-10.0
2821	104.91290000000001
2822	-10.0
2823	-10.0
2825	47.7527
2826	-10.0
2827	-10.0
2828	-10.0
2832	156.9398
2837	302.34270000000004
2838	-10.0
2839	-10.0
2840	-10.0
2842	45.3057
2843	-10.0
2844	-10.0
2845	-10.0
2846	-10.0
2847	-10.0
2848	-10.0
2850	45.3279
2851	-10.0
2852	-10.0
2854	47.7527
2855	-10.0
2857	45.0279
2860	99.2779
2861	-10.0
2862	-10.0
2865	108.4293
2866	-10.0
2868	47.7527
2869	-10.0
2870	-10.0
2871	-10.0
2873	41.2673
2877	152.0052
2879	45.0773
2880	-10.0
2881	-10.0
2882	-10.0
2883	-10.0
2884	-10.0
2886	45.4519
2889	109.1935
2896	365.7908
2897	-10.0
2898	-10.0
2899	-10.0
2901	48.9296
2902	-10.0
2903	-10.0
2904	-10.0
2905	-10.0
2906	-10.0
2907	-10.0
2908	-10.0
2910	52.7162
2912	52.7209
2913	-10.0
2914	-10.0
2915	-10.0
2919	156.507
2921	47.7527
2924	92.26249999999999
2925	-10.0
2927	39.3917
2928	-10.0
2930	51.2236
2931	-10.0
2933	43.7036
2935	39.3917
2936	-10.0
2937	-10.0
2939	43.7036
2943	158.0451
2944	-10.0
2945	-10.0
2947	36.9723
2950	109.5238
2951	-10.0
2958	455.7607
2959	-10.0
2960	-10.0
2961	-10.0
2963	39.5607
2965	50.9193
2966	-10.0
2967	-10.0
2968	-10.0
2971	95.5387
2972	-10.0
2974	52.138
2976	38.1947
2982	306.79089999999997
2983	-10.0
2984	-10.0
2985	-10.0
2986	-10.0
2989	105.7542
2990	-10.0
2991	-10.0
2998	320.9164
2999	-10.0
3000	-10.0
3001	-10.0
3002	-10.0
3003	-10.0
3004	-10.0
3005	-10.0
3006	-10.0
3007	-10.0
3008	-10.0
3010	47.3341
3012	51.641
3017	246.84929999999997
3018	-10.0
3020	52.7039
3021	-10.0
3025	171.0683
3027	39.3917
3028	-10.0
3029	-10.0
3030	-10.0
3032	43.7036
3034	48.9945
3035	-10.0
3036	-10.0
3037	-10.0
3038	-10.0
3039	-10.0
3040	-10.0
3041	-10.0
3042	-10.0
3045	110.53219999999999
3046	-10.0
3047	-10.0
3048	-10.0
3053	220.02980000000002
3056	108.3331
3057	-10.0
3058	-10.0
3059	-10.0
3063	154.6133
3065	90.0
3067	49.1377
3069	49.1179
3070	-10.0
3071	-10.0
3072	-10.0
3073	-10.0
3076	113.0286
3079	103.8996
3081	39.3917
3082	-10.0
3088	281.6481
3089	-10.0
3092	109.53989999999999
3096	170.9771
3097	-10.0
3098	-10.0
3099	-10.0
3101	39.3917
3103	43.7036
3104	-10.0
3105	-10.0
3108	93.8269
3109	-10.0
3110	-10.0
3113	109.0546
3114	-10.0
3117	96.7205
3118	-10.0
3119	-10.0
3121	52.913
3123	36.5849
3125	37.0516
3127	39.3917
3129	47.7774
3131	45.1951
3132	-10.0
3134	51.0739
3135	-10.0
3137	43.7036
3138	-10.0
3139	-10.0
3140	-10.0
3142	40.7796
3143	-10.0
3144	-10.0
3147	106.3363
3148	-10.0
3151	107.5385
3153	43.7036
3154	-10.0
3155	-10.0
3156	-10.0
3160	166.85479999999998
3161	-10.0
3163	43.7036
3166	103.1976
3168	47.7527
3170	51.641
3171	-10.0
3173	40.8128
3178	223.93910000000002
3179	-10.0
3184	223.71970000000002
3185	-10.0
3186	-10.0
3188	90.0
3189	-10.0
3191	43.7036
3192	-10.0
3193	-10.0
3195	39.3917
3196	-10.0
3197	-10.0
3198	-10.0
3199	-10.0
3202	108.2773
3205	99.5724
3207	50.3269
3208	-10.0
3209	-10.0
3211	41.1704
3212	-10.0
3217	210.70579999999998
3218	-10.0
3219	-10.0
3222	143.7036
3223	-10.0
3225	47.7527
3226	-10.0
3228	39.3917
3231	148.4116
3232	-10.0
3233	-10.0
3235	48.4116
3236	-10.0
3237	-10.0
3240	105.4106
3241	-10.0
3243	51.684
3245	43.7036
3246	-10.0
3252	284.6665
3253	-10.0
3255	47.7527
3259	156.9817
3260	-10.0
3261	-10.0
3262	-10.0
3263	-10.0
3264	-10.0
3266	50.7261
3267	-10.0
3268	-10.0
3269	-10.0
3270	-10.0
3272	47.7527
3275	109.4722
3276	-10.0
3277	-10.0
3279	52.9911
3281	47.7527
3284	108.18520000000001
3285	-10.0
3287	39.3917
3290	107.9271
3291	-10.0
3292	-10.0
3294	39.3917
3299	215.52559999999997
3300	-10.0
3301	-10.0
3302	-10.0
3303	-10.0
3304	-10.0
3309	213.7341
3310	-10.0
3313	114.53479999999999
3314	-10.0
3315	-10.0
3319	149.72979999999998
3320	-10.0
3322	50.671
3323	-10.0
3324	-10.0
3326	47.4153
3328	39.3917
3330	52.7965
3332	49.6401
3333	-10.0
3335	43.7036
3336	-10.0
3341	258.981
3342	-10.0
3344	52.2554
3348	166.26909999999998
3349	-10.0
3350	-10.0
3352	39.3917
3353	-10.0
3354	-10.0
3355	-10.0
3356	-10.0
3357	-10.0
3359	47.7527
3360	-10.0
3361	-10.0
3362	-10.0
3364	43.7036
3365	-10.0
3367	43.7036
3368	-10.0
3369	-10.0
3370	-10.0
3371	-10.0
3372	-10.0
3373	-10.0
3374	-10.0
3375	-10.0
3376	-10.0
3377	-10.0
3380	105.5701
3381	-10.0
3382	-10.0
3384	39.3917
3387	110.1293
3388	-10.0
3389	-10.0
3391	42.7752
3392	-10.0
3393	-10.0
3396	103.99629999999999
3397	-10.0
3398	-10.0
3399	-10.0
3401	52.7743
3404	93.8269
3405	-10.0
3406	-10.0
3407	-10.0
3408	-10.0
3410	90.0
3412	49.7566
3413	-10.0
3414	-10.0
3416	48.4116
3417	-10.0
3418	-10.0
3421	107.4942
3422	-10.0
3423	-10.0
3428	221.0992
3429	-10.0
3432	111.4829
3434	43.7036
3435	-10.0
3436	-10.0
3437	-10.0
3440	110.6895
3451	557.2749
3455	156.779
3456	-10.0
3457	-10.0
3459	39.3917
3461	52.1023
3462	-10.0
3463	-10.0
3465	43.7036
3466	-10.0
3467	-10.0
3468	-10.0
3469	-10.0
3471	48.4116
3472	-10.0
3473	-10.0
3474	-10.0
3481	384.7676
3484	147.7527
3486	44.6204
3487	-10.0
3489	90.0
3493	171.3505
3495	90.0
3497	48.8953
3499	39.3917
3501	44.4352
3503	43.7036
3504	-10.0
3506	51.7345
3507	-10.0
3508	-10.0
3510	43.7036
3511	-10.0
3512	-10.0
3513	-10.0
3517	202.1879
3518	-10.0
3519	-10.0
3521	41.4539
3522	-10.0
3524	45.5288
3525	-10.0
3527	47.7527
3528	-10.0
3529	-10.0
3530	-10.0
3531	-10.0
3533	44.977
3535	39.3917
3537	39.3917
3540	93.2194
3541	-10.0
3542	-10.0
3543	-10.0
3545	45.3322
3546	-10.0
3547	-10.0
3548	-10.0
3551	96.5222
3552	-10.0
3554	48.4116
3556	43.7036
3558	43.7219
3560	47.7527
3563	112.8272
3564	-10.0
3565	-10.0
3566	-10.0
3567	-10.0
3569	47.7527
3571	47.7527
3573	42.9244
3574	-10.0
3575	-10.0
3576	-10.0
3577	-10.0
3578	-10.0
3581	112.03829999999999
3582	-10.0
3583	-10.0
3585	47.7527
3586	-10.0
3587	-10.0
3589	43.7036
3590	-10.0
3592	43.7036
3593	-10.0
3594	-10.0
3595	-10.0
3598	93.8269
3602	162.77429999999998
3603	-10.0
3607	164.5851
3608	-10.0
3609	-10.0
3610	-10.0
3612	49.3912
3620	376.3947
3621	-10.0
3624	93.8269
3625	-10.0
3629	198.4941
3630	-10.0
3631	-10.0
3632	-10.0
3635	99.7283
3636	-10.0
3640	185.1249
3641	-10.0
3642	-10.0
3643	-10.0
3646	96.4881
3650	157.5104
3652	46.8431
3654	39.3917
3655	-10.0
3659	157.2552
3661	38.6008
3662	-10.0
3664	47.7527
3668	167.8354
3669	-10.0
3670	-10.0
3671	-10.0
3672	-10.0
3673	-10.0
3674	-10.0
3675	-10.0
3677	44.4352
3678	-10.0
3679	-10.0
3680	-10.0
3681	-10.0
3682	-10.0
3683	-10.0
3685	43.7036
3686	-10.0
3689	106.8179
3690	-10.0
3692	39.3917
3693	-10.0
3695	47.7527
3698	110.37209999999999
3700	52.8693
3702	52.1914
3703	-10.0
3704	-10.0
3705	-10.0
3710	215.52259999999998
3711	-10.0
3714	115.059
3716	39.3917
3718	47.7527
3720	50.8179
3723	113.7444
3725	47.7527
3726	-10.0
3728	52.8889
3730	47.7527
3734	207.9151
3735	-10.0
3736	-10.0
3738	45.2396
3739	-10.0
3741	52.675
3742	-10.0
3743	-10.0
3744	-10.0
3748	156.3722
3749	-10.0
3753	152.0099
3754	-10.0
3755	-10.0
3756	-10.0
3759	113.1908
3762	108.8702
3765	149.038
3767	39.3917
3768	-10.0
3774	310.6766
3776	43.7036
3777	-10.0
3778	-10.0
3782	206.6236
3783	-10.0
3784	-10.0
3786	46.7436
3789	106.80799999999999
3791	47.7527
3792	-10.0
3794	46.9237
3795	-10.0
3797	52.6807
3799	52.6585
3800	-10.0
3802	43.7036
3805	140.32670000000002
3806	-10.0
3807	-10.0
3812	290.6305
3813	-10.0
3815	43.7036
3816	-10.0
3817	-10.0
3819	50.9339
3820	-10.0
3823	99.2165
3824	-10.0
3826	39.3917
3827	-10.0
3828	-10.0
3829	-10.0
3831	41.0593
3833	39.3917
3834	-10.0
3835	-10.0
3836	-10.0
3837	-10.0
3838	-10.0
3840	52.2822
3841	-10.0
3842	-10.0
3843	-10.0
3844	-10.0
3845	-10.0
3846	-10.0
3847	-10.0
3849	47.7527
3850	-10.0
3852	47.0243
3853	-10.0
3857	213.9902
3860	149.6288
3862	47.0348
3864	52.4644
3866	49.1651
3868	43.7036
3870	40.9242
3871	-10.0
3873	44.9576
3876	103.2457
3877	-10.0
3878	-10.0
3880	47.7527
3881	-10.0
3883	48.7551
3884	-10.0
3888	204.5672
3890	48.4116
3891	-10.0
3892	-10.0
3893	-10.0
3894	-10.0
3896	43.7036
3898	43.0269
3902	172.7649
3904	43.7036
3907	107.4279
3908	-10.0
3911	106.0762
3916	207.9479
3918	49.0882
3919	-10.0
3920	-10.0
3924	156.39499999999998
3925	-10.0
3928	95.2479
3932	153.7626
3936	153.57999999999998
3937	-10.0
3938	-10.0
3943	232.49220000000003
3949	263.3327
3953	153.9719
3954	-10.0
3955	-10.0
3956	-10.0
3957	-10.0
3958	-10.0
3959	-10.0
3961	50.576
3962	-10.0
3964	49.1719
3965	-10.0
3966	-10.0
3971	265.6528
3973	43.7036
3975	39.3917
3978	105.72630000000001
3980	47.7527
3981	-10.0
3983	52.938
3987	153.4771
3989	51.641
3991	51.0903
3993	39.3917
3995	52.1377
3996	-10.0
4001	205.2362
4002	-10.0
4004	43.7036
4005	-10.0
4006	-10.0
4008	51.8436
4012	189.5475
4013	-10.0
4017	168.6468
4019	47.7527
4021	43.7036
4023	43.7036
4025	52.8575
4027	50.4232
4031	201.22129999999999
4032	-10.0
4035	101.25919999999999
4037	39.3917
4043	276.1515
4044	-10.0
4049	210.759
4052	113.443
4053	-10.0
4055	47.4419
4057	47.7527
4063	265.85900000000004
4066	103.09559999999999
4067	-10.0
4070	114.8013
4071	-10.0
4072	-10.0
4075	104.5594
4077	39.3917
4079	44.9644
4080	-10.0
4083	110.3549
4085	48.4116
4086	-10.0
4087	-10.0
4089	49.2994
4090	-10.0
4093	144.5982
4097	198.6442
4101	170.3206
4104	109.0281
4105	-10.0
4108	109.2203
4109	-10.0
4111	52.6945
4112	-10.0
4115	85.1249
4116	-10.0
4119	104.743
4121	90.0
4123	43.7036
4124	-10.0
4125	-10.0
4127	39.3917
4128	-10.0
4131	110.2065
4132	-10.0
4137	198.74699999999999
4139	50.9103
4140	-10.0
4141	-10.0
4143	47.7527
4147	168.9852
4150	110.2578
4151	-10.0
4152	-10.0
4153	-10.0
4154	-10.0
4156	36.7095
4157	-10.0
4160	94.1294
4163	98.8502
4165	52.4836
4166	-10.0
4168	51.641
4169	-10.0
4171	47.7527
4172	-10.0
4173	-10.0
4177	160.9317
4180	93.8269
4182	46.9542
4183	-10.0
4184	-10.0
4185	-10.0
4187	52.8949
4192	254.71569999999997
4193	-10.0
4197	164.8099
4198	-10.0
4199	-10.0
4200	-10.0
4201	-10.0
4204	93.8269
4206	43.7036
4207	-10.0
4209	43.7036
4210	-10.0
4211	-10.0
4213	47.7527
4214	-10.0
4218	160.684
4220	40.1717
4222	52.8816
4223	-10.0
4224	-10.0
4226	52.0732
4227	-10.0
4228	-10.0
4230	43.6031
4231	-10.0
4232	-10.0
4233	-10.0
4234	-10.0
4235	-10.0
4236	-10.0
4239	106.38220000000001
4240	-10.0
4241	-10.0
4242	-10.0
4245	149.2191
4251	319.1793
4252	-10.0
4254	90.0
4256	40.9876
4263	346.7464
4267	163.86520000000002
4268	-10.0
4269	-10.0
4270	-10.0
4271	-10.0
4273	47.3019
4274	-10.0
4276	49.6725
4277	-10.0
4279	39.3917
4280	-10.0
4281	-10.0
4283	52.2489
4284	-10.0
4286	52.141
4291	211.5572
4295	166.5651
4297	43.7036
4301	153.28539999999998
4302	-10.0
4304	43.7036
4307	96.00110000000001
4309	43.7036
4310	-10.0
4311	-10.0
4312	-10.0
4313	-10.0
4314	-10.0
4315	-10.0
4316	-10.0
4318	39.3917
4319	-10.0
4321	39.5141
4322	-10.0
4327	257.9678
4329	49.3334
4330	-10.0
4333	98.6156
4339	308.6204
4342	93.8269
4343	-10.0
4344	-10.0
4346	43.7036
4347	-10.0
4348	-10.0
4349	-10.0
4351	90.0
4352	-10.0
4356	147.9707
4357	-10.0
4358	-10.0
4359	-10.0
4360	-10.0
4361	-10.0
4363	47.7527
4366	100.5472
4368	47.7527
4370	41.4073
4373	145.3887
4374	-10.0
4375	-10.0
4376	-10.0
4377	-10.0
4378	-10.0
4386	394.6633
4389	98.40979999999999
4390	-10.0
4391	-10.0
4392	-10.0
4393	-10.0
4394	-10.0
4398	209.24689999999998
4400	45.424
4401	-10.0
4403	52.2857
4405	47.7527
4406	-10.0
4409	99.55879999999999
4412	85.1249
4414	39.3917
4415	-10.0
4421	297.724
4423	43.7036
4424	-10.0
4428	161.1216
4429	-10.0
4431	36.5819
4433	39.3917
4434	-10.0
4436	90.0
4437	-10.0
4438	-10.0
4441	106.40299999999999
4444	109.9516
4446	45.3915
4447	-10.0
4448	-10.0
4450	45.1895
4452	44.8717
4453	-10.0
4454	-10.0
4455	-10.0
4456	-10.0
4458	50.3856
4462	165.5687
4463	-10.0
4464	-10.0
4465	-10.0
4470	228.8602
4471	-10.0
4472	-10.0
4473	-10.0
4474	-10.0
4480	268.0705
4483	97.7576
4484	-10.0
4485	-10.0
4486	-10.0
4489	99.6602
4490	-10.0
4493	101.3353
4498	246.53910000000002
4499	-10.0
4502	107.991
4504	52.8535
4505	-10.0
4507	47.3574
4509	39.3917
4510	-10.0
4516	309.8928
4519	103.7295
4520	-10.0
4522	43.7036
4524	47.7527
4525	-10.0
4527	43.7036
4529	50.8205
4531	49.0738
4534	95.1837
4538	170.0328
4539	-10.0
4541	39.3917
4542	-10.0
4546	160.41
4548	52.2223
4549	-10.0
4552	106.0762
4554	39.3917
4559	250.8148
4560	-10.0
4561	-10.0
4563	50.4269
4564	-10.0
4565	-10.0
4566	-10.0
4567	-10.0
4569	50.8951
4570	-10.0
4572	52.9182
4573	-10.0
4577	170.2065
4579	43.7036
4582	101.4197
4585	106.4927
4586	-10.0
4587	-10.0
4588	-10.0
4590	39.3917
4593	107.8677
4594	-10.0
4596	50.3953
4597	-10.0
4599	43.7036
4605	268.29100000000005
4606	-10.0
4612	276.9378
4614	43.7036
4615	-10.0
4616	-10.0
4619	107.3272
4621	39.3917
4622	-10.0
4623	-10.0
4624	-10.0
4629	210.95940000000002
4632	93.8269
4634	44.9626
4635	-10.0
4636	-10.0
4638	43.7036
4639	-10.0
4641	44.4352
4642	-10.0
4643	-10.0
4648	214.96880000000002
4650	45.4624
4653	95.9968
4654	-10.0
4655	-10.0
4656	-10.0
4657	-10.0
4658	-10.0
4662	153.3579
4666	159.3548
4670	170.2691
4671	-10.0
4672	-10.0
4673	-10.0
4678	248.1719
4680	50.5539
4687	310.77200000000005
4688	-10.0
4689	-10.0
4690	-10.0
4692	39.4806
4693	-10.0
4695	49.0545
4696	-10.0
4698	47.7527
4699	-10.0
4700	-10.0
4701	-10.0
4703	39.3917
4704	-10.0
4705	-10.0
4707	50.3093
4709	50.5706
4710	-10.0
4720	558.465
4723	147.7527
4725	46.7512
4727	47.7527
4729	90.0
4730	-10.0
4731	-10.0
4738	324.63329999999996
4740	39.3917
4743	110.9599
4744	-10.0
4745	-10.0
4746	-10.0
4749	147.7527
4751	43.7036
4753	47.7527
4754	-10.0
4756	52.4632
4758	43.7036
4759	-10.0
4764	235.45159999999998
4768	153.6517
4769	-10.0
4771	52.5981
4773	46.7995
4775	50.9537
4779	153.06640000000002
4780	-10.0
4781	-10.0
4783	52.1987
4785	43.7955
4787	52.1547
4788	-10.0
4791	115.53540000000001
4793	49.1533
4795	47.7527
4796	-10.0
4798	51.9591
4799	-10.0
4801	39.3917
4802	-10.0
4804	52.4124
4805	-10.0
4806	-10.0
4807	-10.0
4808	-10.0
4810	43.7036
4811	-10.0
4815	189.81730000000002
4817	52.8682
4818	-10.0
4822	185.1249
4825	109.4131
4827	50.4335
4831	152.5266
4833	39.3917
4834	-10.0
4837	107.30430000000001
4839	39.3917
4840	-10.0
4841	-10.0
4842	-10.0
4843	-10.0
4844	-10.0
4847	110.93190000000001
4851	158.0724
4852	-10.0
4853	-10.0
4857	207.0316
4858	-10.0
4862	159.8288
4864	51.641
4866	47.7527
4867	-10.0
4869	51.641
4872	102.36
4873	-10.0
4874	-10.0
4875	-10.0
4876	-10.0
4877	-10.0
4878	-10.0
4880	43.7036
4881	-10.0
4886	271.6973
4887	-10.0
4888	-10.0
4889	-10.0
4894	212.2918
4896	43.7036
4898	39.3917
4900	43.7036
4901	-10.0
4902	-10.0
4903	-10.0
4905	43.7036
4907	45.4625
4908	-10.0
4909	-10.0
4910	-10.0
4911	-10.0
4916	224.57309999999998
4917	-10.0
4919	47.7527
4921	39.3917
4922	-10.0
4923	-10.0
4925	47.7527
4927	39.3917
4928	-10.0
4930	44.4352
4932	45.5084
4933	-10.0
4935	52.034
4939	161.5222
4945	312.65200000000004
4952	378.2959000000001
4954	39.3917
4955	-10.0
4957	51.641
4958	-10.0
4959	-10.0
4961	43.7036
4963	52.3402
4964	-10.0
4967	111.16489999999999
4970	96.62559999999999
4971	-10.0
4974	138.571
4975	-10.0
4976	-10.0
4980	162.1884
4981	-10.0
4985	154.62709999999998
4989	166.2279
4990	-10.0
4992	43.7502
4993	-10.0
4997	166.6937
4998	-10.0
5000	43.7036
5002	39.3917
5004	42.6874
5014	496.86440000000005
5019	208.69370000000004
5023	176.1348
5028	243.6817
5029	-10.0
5030	-10.0
5033	147.1662
5036	104.6468
5042	259.474
5044	39.3917
5045	-10.0
5046	-10.0
5051	266.0408
5053	52.7611
5055	90.0
5057	44.8925
5060	102.128
5061	-10.0
5062	-10.0
5063	-10.0
5064	-10.0
5065	-10.0
5066	-10.0
5068	43.7036
5069	-10.0
5070	-10.0
5071	-10.0
5073	43.6867
5074	-10.0
5078	185.1249
5083	214.1022
5085	47.7527
5089	203.6116
5091	43.7036
5094	113.5598
5096	52.758
5097	-10.0
5098	-10.0
5099	-10.0
5102	108.0692
5103	-10.0
5105	47.7527
5106	-10.0
5108	39.3917
5110	52.8367
5111	-10.0
5112	-10.0
5115	106.876
5116	-10.0
5117	-10.0
5121	164.83769999999998
5123	41.2898
5124	-10.0
5127	97.3212
5129	47.7527
5130	-10.0
5131	-10.0
5132	-10.0
5137	216.2405
5139	90.0
5140	-10.0
5143	101.33330000000001
5144	-10.0
5146	43.7036
5147	-10.0
5150	110.29159999999999
5151	-10.0
5155	162.3533
5156	-10.0
5161	226.44299999999998
5163	41.4066
5164	-10.0
5167	112.2868
5169	45.203
5170	-10.0
5175	206.6441
5176	-10.0
5177	-10.0
5178	-10.0
5181	95.3751
5182	-10.0
5183	-10.0
5186	110.8511
5191	229.99630000000002
5193	50.5091
5194	-10.0
5196	39.3917
5197	-10.0
5198	-10.0
5199	-10.0
5200	-10.0
5203	104.5376
5204	-10.0
5205	-10.0
5206	-10.0
5207	-10.0
5209	39.3917
5210	-10.0
5215	219.1871
5218	97.7986
5219	-10.0
5220	-10.0
5222	90.0
5224	47.7527
5228	162.8954
5236	368.1329
5237	-10.0
5238	-10.0
5240	52.7119
5242	52.929
5243	-10.0
5245	43.7036
5247	47.7527
5250	112.142
5251	-10.0
5252	-10.0
5253	-10.0
5255	43.7036
5259	161.3578
5261	47.7527
5262	-10.0
5263	-10.0
5266	107.95779999999999
5267	-10.0
5268	-10.0
5270	47.7527
5273	102.0977
5274	-10.0
5276	45.2132
5277	-10.0
5278	-10.0
5281	111.8178
5282	-10.0
5288	344.8721
5290	49.9251
5291	-10.0
5294	99.4434
5295	-10.0
5296	-10.0
5298	41.071
5304	364.7445
5305	-10.0
5306	-10.0
5310	192.9294
5311	-10.0
5312	-10.0
5316	205.13389999999998
5320	170.2731
5322	43.7036
5325	109.6577
5326	-10.0
5331	195.3836
5333	47.6554
5334	-10.0
5335	-10.0
5336	-10.0
5337	-10.0
5339	48.6659
5340	-10.0
5341	-10.0
5342	-10.0
5343	-10.0
5344	-10.0
5345	-10.0
5346	-10.0
5347	-10.0
5348	-10.0
5353	207.1251
5358	259.2425
5359	-10.0
5360	-10.0
5361	-10.0
5362	-10.0
5363	-10.0
5365	52.9184
5366	-10.0
5370	152.4299
5371	-10.0
5373	43.7036
5376	105.3748
5377	-10.0
5382	230.51069999999999
5383	-10.0
5384	-10.0
5385	-10.0
5387	90.0
5388	-10.0
5389	-10.0
5393	149.3852
5396	115.5882
5397	-10.0
5401	147.0512
5402	-10.0
5404	43.7036
5406	42.9809
5407	-10.0
5411	142.321
5412	-10.0
5416	149.1447
5420	141.8724
5423	110.2663
5424	-10.0
5425	-10.0
5427	90.0
5428	-10.0
5432	165.876
5433	-10.0
5434	-10.0
5436	90.0
5437	-10.0
5438	-10.0
5440	90.0
5442	47.4607
5444	51.6923
5449	207.1431
5452	109.0485
5454	47.8475
5455	-10.0
5460	210.65789999999998
5464	150.15949999999998
5465	-10.0
5466	-10.0
5470	202.95370000000003
5471	-10.0
5472	-10.0
5474	48.8307
5475	-10.0
5480	222.27769999999998
5481	-10.0
5486	211.1211
5489	93.8269
5494	209.01059999999998
5498	193.0953
5499	-10.0
5500	-10.0
5501	-10.0
5502	-10.0
5505	110.74369999999999
5507	45.4244
5510	112.1477
5512	46.2911
5515	100.9022
5518	106.4344
5519	-10.0
5521	49.2877
5522	-10.0
5525	101.3321
5529	161.8869
5530	-10.0
5533	110.8527
5537	185.1249
5539	47.033
5540	-10.0
5541	-10.0
5545	203.155
5546	-10.0
5547	-10.0
5548	-10.0
5551	101.4593
5552	-10.0
5554	48.4116
5557	106.4097
5558	-10.0
5559	-10.0
5560	-10.0
5563	108.0887
5564	-10.0
5565	-10.0
5569	194.63139999999999
5570	-10.0
5571	-10.0
5574	96.2387
5576	47.7527
5577	-10.0
5579	39.3917
5580	-10.0
5581	-10.0
5582	-10.0
5587	205.9187
5588	-10.0
5638	117.1896
5639	-10.0
5641	52.1305
5642	-10.0
5647	202.2902
5648	-10.0
5650	48.4116
5652	47.7527
5656	163.8019
5659	109.1643
5660	-10.0
5662	47.7527
5663	-10.0
5664	-10.0
5665	-10.0
5666	-10.0
5667	-10.0
5668	-10.0
5670	43.7036
5674	154.0203
5678	157.1351
5679	-10.0
5683	193.9899
5686	139.39170000000001
5687	-10.0
5689	47.7527
5692	103.8654
5693	-10.0
5695	43.7036
5700	224.8742
5702	47.8028
5704	47.7527
5705	-10.0
5706	-10.0
5710	146.1291
5713	101.4342
5714	-10.0
5718	168.5745
5721	92.2809
5722	-10.0
5724	47.7527
5725	-10.0
5726	-10.0
5728	47.7527
5730	47.7527
5734	151.2462
5736	49.1145
5737	-10.0
5738	-10.0
5740	43.7036
5742	51.641
5743	-10.0
5745	49.3117
5750	266.0816
5752	52.8664
5759	325.3473
5761	52.6614
5765	153.8383
5766	-10.0
5768	43.7036
5770	41.3193
5771	-10.0
5772	-10.0
5777	207.6139
5778	-10.0
5784	344.59580000000005
5786	48.5999
5788	47.0617
5789	-10.0
5790	-10.0
5792	39.3917
5793	-10.0
5794	-10.0
5795	-10.0
5796	-10.0
5799	103.7629
5800	-10.0
5801	-10.0
5802	-10.0
5805	85.1249
5806	-10.0
5807	-10.0
5809	43.7036
5810	-10.0
5811	-10.0
5812	-10.0
5813	-10.0
5815	43.7036
5817	52.8688
5818	-10.0
5819	-10.0
5821	43.2504
5829	440.6961
5830	-10.0
5835	224.26739999999998
5837	50.7413
5838	-10.0
5839	-10.0
5842	144.5982
5843	-10.0
5844	-10.0
5851	417.5232
5854	104.3688
5856	52.4422
5858	50.7276
5859	-10.0
5860	-10.0
5861	-10.0
5862	-10.0
5864	43.7036
5868	171.5459
5869	-10.0
5871	39.3917
5874	110.953
5875	-10.0
5876	-10.0
5878	52.792
5881	109.0812
5884	110.9298
5888	159.4937
5889	-10.0
5891	47.7527
5894	101.7284
5896	50.9073
5897	-10.0
5899	52.8833
5900	-10.0
5901	-10.0
5903	39.3917
5905	39.3917
5908	113.9514
5909	-10.0
5914	233.6792
5915	-10.0
5924	473.13460000000003
5928	185.1249
5929	-10.0
5930	-10.0
5931	-10.0
5933	43.7036
5938	204.7995
5950	616.5355000000001
5955	222.762
5956	-10.0
5959	104.2602
5960	-10.0
5962	47.7527
5964	36.7119
5965	-10.0
5966	-10.0
5967	-10.0
5968	-10.0
5969	-10.0
5973	162.1943
5975	42.6844
5979	174.2857
5980	-10.0
5981	-10.0
5983	43.7036
5985	47.7527
5987	41.0762
5988	-10.0
5989	-10.0
5990	-10.0
5991	-10.0
5995	208.4647
5996	-10.0
5997	-10.0
5999	39.3917
6000	-10.0
6003	140.40800000000002
6005	46.9906
6009	139.5688
6011	52.2265
6013	47.2001
6014	-10.0
6017	103.0376
6018	-10.0
6019	-10.0
6020	-10.0
6021	-10.0
6024	140.9606
6029	214.4161
6030	-10.0
6031	-10.0
6032	-10.0
6034	39.3917
6035	-10.0
6039	208.44299999999998
6043	163.4587
6046	111.2539
6047	-10.0
6050	110.101
6051	-10.0
6053	43.7036
6055	47.0026
6063	379.18420000000003
6064	-10.0
6066	47.7527
6070	152.6585
6071	-10.0
6072	-10.0
6073	-10.0
6074	-10.0
6077	140.32670000000002
6079	52.9721
6081	47.7527
6083	48.846
6084	-10.0
6085	-10.0
6086	-10.0
6087	-10.0
6089	43.7291
6090	-10.0
6094	206.76549999999997
6095	-10.0
6098	99.56960000000001
6099	-10.0
6100	-10.0
6101	-10.0
6102	-10.0
6104	47.7527
6105	-10.0
6107	52.1028
6108	-10.0
6109	-10.0
6111	52.9128
6113	47.4788
6114	-10.0
6117	103.8768
6118	-10.0
6119	-10.0
6121	51.9019
6122	-10.0
6126	153.14249999999998
6127	-10.0
6129	43.7036
6132	112.53819999999999
6133	-10.0
6135	50.7615
6136	-10.0
6138	47.7527
6140	43.7036
6141	-10.0
6143	47.7527
6144	-10.0
6146	39.3917
6148	43.0083
6150	39.3917
6151	-10.0
6153	47.7527
6155	90.0
6156	-10.0
6157	-10.0
6160	98.8765
6164	185.1249
6166	52.6942
6168	47.7527
6170	43.7036
6171	-10.0
6173	43.7036
6174	-10.0
6176	50.9739
6178	43.7036
6182	153.9391
6183	-10.0
6186	102.37870000000001
6190	157.5947
6192	43.7036
6195	107.8819
6197	43.7036
6198	-10.0
6199	-10.0
6201	43.7036
6203	47.7527
6204	-10.0
6207	140.32670000000002
6209	49.1033
6211	39.3917
6212	-10.0
6213	-10.0
6215	52.7243
6223	433.3821
6224	-10.0
6230	305.5705
6234	165.3901
6235	-10.0
6236	-10.0
6239	100.9034
6242	103.6786
6245	96.174
6246	-10.0
6247	-10.0
6249	47.0461
6250	-10.0
6252	52.8904
6253	-10.0
6257	165.9053
6258	-10.0
6268	584.87
6269	-10.0
6275	310.57210000000003
6276	-10.0
6277	-10.0
6278	-10.0
6280	43.7036
6281	-10.0
6288	366.1888
6289	-10.0
6291	43.7036
6292	-10.0
6294	47.7527
6295	-10.0
6298	140.2814
6302	163.31889999999999
6303	-10.0
6306	95.6493
6307	-10.0
6309	52.1155
6312	105.5718
6316	172.5471
6317	-10.0
6318	-10.0
6319	-10.0
6323	202.6888
6325	43.7303
6326	-10.0
6328	52.2845
6329	-10.0
6332	107.4892
6336	199.04149999999998
6337	-10.0
6338	-10.0
6339	-10.0
6340	-10.0
6341	-10.0
6342	-10.0
6343	-10.0
6346	100.64420000000001
6347	-10.0
6349	52.0017
6351	52.7152
6352	-10.0
6354	47.7527
6355	-10.0
6356	-10.0
6357	-10.0
6362	224.3797
6368	267.8673
6372	194.0121
6373	-10.0
6375	39.3917
6378	93.8269
6384	284.5991
6385	-10.0
6386	-10.0
6389	143.7036
6390	-10.0
6391	-10.0
6393	43.7036
6395	40.95
6396	-10.0
6402	316.00100000000003
6405	101.1197
6409	163.2164
6412	113.53800000000001
6413	-10.0
6418	259.4491
6419	-10.0
6420	-10.0
6421	-10.0
6422	-10.0
6424	51.7108
6426	90.0
6427	-10.0
6428	-10.0
6430	39.3917
6432	43.7036
6434	48.838
6438	185.1249
6440	39.3917
6442	43.7036
6448	277.7867
6449	-10.0
6450	-10.0
6451	-10.0
6453	47.7527
6455	49.0963
6457	51.8557
6458	-10.0
6459	-10.0
6460	-10.0
6461	-10.0
6462	-10.0
6463	-10.0
6464	-10.0
6465	-10.0
6466	-10.0
6467	-10.0
6468	-10.0
6470	48.4116
6472	90.0
6474	39.3917
6476	47.7527
6478	41.0812
6479	-10.0
6480	-10.0
6483	99.63149999999999
6486	110.9119
6487	-10.0
6489	50.9961
6491	52.7395
6492	-10.0
6493	-10.0
6494	-10.0
6495	-10.0
6496	-10.0
6497	-10.0
6498	-10.0
6499	-10.0
6503	147.9591
6504	-10.0
6505	-10.0
6506	-10.0
6507	-10.0
6512	228.1638
6513	-10.0
6515	47.7527
6516	-10.0
6517	-10.0
6518	-10.0
6520	47.7527
6521	-10.0
6522	-10.0
6524	47.7527
6525	-10.0
6526	-10.0
6527	-10.0
6528	-10.0
6530	50.3925
6531	-10.0
6533	48.6756
6534	-10.0
6536	43.7036
6541	204.89050000000003
6542	-10.0
6543	-10.0
6547	154.4905
6548	-10.0
6550	52.2257
6551	-10.0
6552	-10.0
6553	-10.0
6555	49.3908
6556	-10.0
6557	-10.0
6562	220.29170000000002
6564	43.7036
6565	-10.0
6567	42.7359
6569	39.3917
6572	93.8269
6574	43.7036
6576	52.134
6578	39.3917
6579	-10.0
6581	52.831
6582	-10.0
6584	41.1304
6585	-10.0
6587	39.3917
6588	-10.0
6589	-10.0
6594	207.9601
6598	194.0534
6599	-10.0
6603	168.6743
6605	52.7227
6606	-10.0
6608	47.0381
6609	-10.0
6616	319.4522
6623	329.33860000000004
6624	-10.0
6625	-10.0
6626	-10.0
6627	-10.0
6633	268.0313
6634	-10.0
6640	273.9621
6641	-10.0
6642	-10.0
6643	-10.0
6644	-10.0
6645	-10.0
6646	-10.0
6648	49.2182
6649	-10.0
6654	225.7961
6656	41.0348
6658	46.0885
6660	47.7527
6664	137.4387
6665	-10.0
6667	47.7527
6672	228.1909
6673	-10.0
6674	-10.0
6675	-10.0
6676	-10.0
6680	203.9819
6681	-10.0
6683	43.8723
6686	147.7527
6687	-10.0
6688	-10.0
6689	-10.0
6691	37.0701
6692	-10.0
6695	104.14580000000001
6696	-10.0
6698	40.9618
6700	39.3917
6702	90.0
6703	-10.0
6709	265.4837
6714	231.617
6716	47.7527
6720	202.2604
6721	-10.0
6722	-10.0
6723	-10.0
6730	321.4105
6731	-10.0
6734	102.0638
6735	-10.0
6738	139.39170000000001
6739	-10.0
6740	-10.0
6745	220.6873
6746	-10.0
6748	40.9288
6749	-10.0
6750	-10.0
6751	-10.0
6753	47.1991
6754	-10.0
6755	-10.0
6756	-10.0
6757	-10.0
6762	187.2348
6763	-10.0
6764	-10.0
6769	225.1019
6770	-10.0
6772	43.7036
6774	39.3917
6775	-10.0
6778	99.8928
6779	-10.0
6780	-10.0
6781	-10.0
6782	-10.0
6784	47.7527
6785	-10.0
6787	43.7036
6790	100.7987
6792	39.3917
6793	-10.0
6796	98.7709
6801	225.19699999999997
6802	-10.0
6803	-10.0
6805	47.365
6806	-10.0
6809	108.02279999999999
6814	260.8581
6815	-10.0
6816	-10.0
6819	93.8269
6820	-10.0
6822	52.7578
6823	-10.0
6828	215.4906
6829	-10.0
6833	145.7873
6835	39.3917
6836	-10.0
6838	47.3734
6843	222.5815
6844	-10.0
6845	-10.0
6851	279.5562
6857	272.6914
6859	43.7036
6861	39.3917
6865	190.6272
6868	108.0047
6869	-10.0
6870	-10.0
6873	98.4473
6880	327.5784
6882	90.0
6885	101.2544
6888	95.5473
6889	-10.0
6894	225.53730000000002
6896	47.7527
6908	634.661
6909	-10.0
6913	156.4163
6914	-10.0
6915	-10.0
6916	-10.0
6917	-10.0
6919	39.3917
6920	-10.0
6925	258.7761
6932	374.3525
6934	51.641
6935	-10.0
6936	-10.0
6937	-10.0
6938	-10.0
6941	103.7453
6943	43.7036
6944	-10.0
6947	99.16640000000001
6949	39.3917
6951	50.3712
6952	-10.0
6953	-10.0
6954	-10.0
6955	-10.0
6956	-10.0
6957	-10.0
6958	-10.0
6959	-10.0
6960	-10.0
6962	43.7036
6963	-10.0
6964	-10.0
6966	43.7036
6967	-10.0
6968	-10.0
6970	46.3966
6977	381.0722
6982	211.88940000000002
6985	104.06450000000001
6986	-10.0
6987	-10.0
6988	-10.0
6989	-10.0
6991	48.4116
6994	140.1323
6995	-10.0
6996	-10.0
6997	-10.0
7001	163.9417
7006	210.228
7011	219.0123
7015	153.5981
7016	-10.0
7020	164.9932
7021	-10.0
7023	47.7527
7026	107.29060000000001
7027	-10.0
7028	-10.0
7029	-10.0
7030	-10.0
7032	47.7527
7035	148.5568
7036	-10.0
7037	-10.0
7040	113.07220000000001
7042	48.4116
7043	-10.0
7048	253.7932
7051	93.8269
7053	43.7036
7054	-10.0
7055	-10.0
7058	97.4452
7060	43.1293
7061	-10.0
7062	-10.0
7063	-10.0
7064	-10.0
7068	172.3905
7070	43.7036
7071	-10.0
7073	52.9213
7076	94.7236
7078	39.3917
7079	-10.0
7080	-10.0
7082	44.8906
7083	-10.0
7084	-10.0
7085	-10.0
7086	-10.0
7088	50.8135
7093	249.83780000000002
7095	52.5036
7099	147.6534
7101	43.7036
7102	-10.0
7103	-10.0
7108	304.41450000000003
7110	46.8261
7111	-10.0
7114	145.1515
7116	39.3917
7118	90.0
7120	41.062
7122	41.1177
7124	43.7036
7125	-10.0
7131	319.8035
7133	52.9856
7136	137.3602
7139	101.46969999999999
7143	145.7033
7147	185.1249
7148	-10.0
7149	-10.0
7151	47.7527
7154	99.82419999999999
7157	97.7973
7158	-10.0
7165	358.0052
7167	47.7527
7171	147.4505
7172	-10.0
7177	253.7385
7178	-10.0
7181	151.9775
7182	-10.0
7184	43.7036
7185	-10.0
7187	47.7527
7188	-10.0
7189	-10.0
7190	-10.0
7193	102.19550000000001
7194	-10.0
7195	-10.0
7197	43.7036
7198	-10.0
7200	43.7036
7204	162.66719999999998
7206	52.8417
7207	-10.0
7211	152.05
7213	47.7527
7215	43.7036
7216	-10.0
7220	170.32999999999998
7221	-10.0
7223	47.7527
7224	-10.0
7225	-10.0
7226	-10.0
7228	48.9787
7234	269.9661
7243	432.28460000000007
7244	-10.0
7245	-10.0
7248	101.4297
7253	255.98520000000002
7255	50.4052
7256	-10.0
7257	-10.0
7258	-10.0
7259	-10.0
7260	-10.0
7262	44.4352
7263	-10.0
7265	43.7036
7270	251.6008
7271	-10.0
7277	275.76099999999997
7278	-10.0
7279	-10.0
7280	-10.0
7281	-10.0
7282	-10.0
7283	-10.0
7288	231.8548
7290	39.3917
7291	-10.0
7292	-10.0
7294	52.9204
7295	-10.0
7296	-10.0
7297	-10.0
7299	51.9895
7301	47.7527
7303	39.3917
7305	47.7527
7309	152.94
7314	209.8755
7315	-10.0
7317	39.3917
7320	148.5568
7321	-10.0
7322	-10.0
7327	212.8767
7328	-10.0
7333	220.4582
7347	784.3437000000001
7352	226.8671
7356	203.553
7359	101.0455
7361	90.0
7362	-10.0
7364	51.1729
7370	288.1706
7372	43.7036
7373	-10.0
7374	-10.0
7375	-10.0
7377	50.3776
7378	-10.0
7382	160.45399999999998
7383	-10.0
7384	-10.0
7388	150.65439999999998
7389	-10.0
7390	-10.0
7391	-10.0
7395	152.2061
7396	-10.0
7397	-10.0
7398	-10.0
7401	101.0681
7403	48.5655
7404	-10.0
7405	-10.0
7406	-10.0
7407	-10.0
7409	43.7036
7411	43.7036
7413	90.0
7415	44.9853
7421	261.3111
7422	-10.0
7423	-10.0
7424	-10.0
7425	-10.0
7426	-10.0
7427	-10.0
7428	-10.0
7432	151.41899999999998
7433	-10.0
7437	197.4027
7440	106.9482
7442	39.3917
7443	-10.0
7444	-10.0
7448	156.2867
7451	97.21039999999999
7453	39.3917
7457	156.5738
7458	-10.0
7460	49.3299
7461	-10.0
7463	50.3186
7464	-10.0
7465	-10.0
7467	47.7527
7468	-10.0
7469	-10.0
7470	-10.0
7471	-10.0
7472	-10.0
7475	103.6117
7477	50.5529
7479	47.7527
7480	-10.0
7486	277.6386
7489	115.1091
7490	-10.0
7492	44.4352
7494	52.8027
7497	109.4203
7498	-10.0
7500	52.4715
7505	253.25060000000002
7506	-10.0
7507	-10.0
7509	52.7068
7511	47.7527
7512	-10.0
7513	-10.0
7514	-10.0
7518	158.26330000000002
7520	51.0148
7521	-10.0
7522	-10.0
7526	208.0784
7527	-10.0
7530	147.7527
7531	-10.0
7533	52.6581
7535	47.7527
7540	216.1633
7541	-10.0
7542	-10.0
7547	209.4706
7548	-10.0
7549	-10.0
7553	157.526
7554	-10.0
7555	-10.0
7556	-10.0
7559	99.7267
7564	222.2305
7565	-10.0
7566	-10.0
7568	47.7527
7569	-10.0
7572	93.8269
7573	-10.0
7575	47.7527
7576	-10.0
7581	225.52360000000002
7584	107.7384
7588	149.815
7590	47.7527
7591	-10.0
7593	39.3917
7597	163.5404
7598	-10.0
7600	43.7036
7601	-10.0
7603	47.7527
7604	-10.0
7605	-10.0
7608	139.39170000000001
7609	-10.0
7614	234.98459999999997
7615	-10.0
7617	51.2748
7618	-10.0
7619	-10.0
7620	-10.0
7624	159.5218
7625	-10.0
7627	43.7036
7630	110.45439999999999
7632	52.258
7635	99.8968
7639	145.2439
7640	-10.0
7641	-10.0
7642	-10.0
7647	213.6151
7648	-10.0
7649	-10.0
7650	-10.0
7652	42.412
7653	-10.0
7654	-10.0
7658	159.6632
7660	50.8069
7662	90.0
7665	105.70920000000001
7667	39.3917
7668	-10.0
7669	-10.0
7671	90.0
7675	169.0125
7676	-10.0
7677	-10.0
7679	39.3917
7681	40.7517
7682	-10.0
7683	-10.0
7684	-10.0
7688	197.5928
7689	-10.0
7691	90.0
7694	103.67930000000001
7695	-10.0
7700	211.58559999999997
7702	45.2702
7704	45.4579
7706	43.7036
7707	-10.0
7714	331.81050000000005
7720	317.81620000000004
7721	-10.0
7722	-10.0
7724	43.7036
7725	-10.0
7726	-10.0
7727	-10.0
7728	-10.0
7729	-10.0
7732	85.1249
7733	-10.0
7734	-10.0
7735	-10.0
7736	-10.0
7738	43.7036
7740	47.7527
7741	-10.0
7742	-10.0
7743	-10.0
7745	47.7527
7746	-10.0
7747	-10.0
7750	99.3703
7751	-10.0
7752	-10.0
7753	-10.0
7754	-10.0
7756	52.8684
7759	98.9239
7762	145.0657
7768	296.92670000000004
7770	50.3232
7771	-10.0
7772	-10.0
7773	-10.0
7775	52.91
7776	-10.0
7780	165.384
7782	52.863
7788	280.1645
7792	157.27
7794	50.3714
7795	-10.0
7796	-10.0
7799	108.2424
7802	107.55019999999999
7803	-10.0
7805	47.7527
7806	-10.0
7807	-10.0
7808	-10.0
7812	165.536
7814	47.7527
7817	99.1198
7819	43.7036
7820	-10.0
7821	-10.0
7822	-10.0
7823	-10.0
7824	-10.0
7828	198.9577
7829	-10.0
7830	-10.0
7831	-10.0
7832	-10.0
7834	47.7527
7840	357.4037
7842	52.8134
7848	267.5559
7849	-10.0
7857	430.0787
7858	-10.0
7859	-10.0
7862	101.42699999999999
7864	50.4302
7865	-10.0
7866	-10.0
7867	-10.0
7868	-10.0
7869	-10.0
7870	-10.0
7871	-10.0
7874	113.22399999999999
7882	371.6297
7885	107.40950000000001
7886	-10.0
7887	-10.0
7889	48.9183
7892	97.73150000000001
7895	111.8684
7898	93.8269
7900	43.7036
7902	45.6687
7903	-10.0
7904	-10.0
7911	368.36760000000004
7913	52.1156
7914	-10.0
7916	52.7655
7921	225.3567
7922	-10.0
7923	-10.0
7926	104.4674
7927	-10.0
7929	39.3917
7930	-10.0
7931	-10.0
7932	-10.0
7933	-10.0
7935	52.4249
7936	-10.0
7937	-10.0
7939	43.7036
7943	161.5975
7944	-10.0
7994	112.2068
7995	-10.0
7996	-10.0
7998	47.7527
8000	52.8242
8006	308.29010000000005
8010	157.1165
8013	93.8269
8014	-10.0
8015	-10.0
8019	154.6531
8020	-10.0
8024	156.36430000000001
8025	-10.0
8026	-10.0
8027	-10.0
8028	-10.0
8031	102.6867
8034	143.7036
8035	-10.0
8042	324.54560000000004
8045	145.8149
8046	-10.0
8049	107.3059
8057	407.09430000000003
8058	-10.0
8059	-10.0
8060	-10.0
8062	37.4423
8065	148.6216
8068	113.2034
8069	-10.0
8072	85.1249
8081	432.4355000000001
8089	394.0438
8093	154.191
8095	47.2722
8096	-10.0
8097	-10.0
8098	-10.0
8099	-10.0
8100	-10.0
8102	47.7527
8103	-10.0
8104	-10.0
8105	-10.0
8107	52.8881
8108	-10.0
8109	-10.0
8111	43.7036
8114	115.7355
8117	93.8269
8120	111.0313
8121	-10.0
8124	107.6193
8126	48.9503
8128	48.9752
8129	-10.0
8130	-10.0
8133	101.0715
8136	104.119
8137	-10.0
8138	-10.0
8140	39.3917
8141	-10.0
8142	-10.0
8144	50.949
8145	-10.0
8149	185.2891
8154	237.1234
8155	-10.0
8156	-10.0
8163	346.5468
8172	523.7604
8175	111.6089
8176	-10.0
8179	89.5475
8181	47.7527
8186	239.7231
8188	39.3917
8189	-10.0
8190	-10.0
8192	52.1322
8198	313.4405
8199	-10.0
8205	257.1557
8206	-10.0
8208	48.9077
8210	50.3451
8214	167.2697
8216	39.3917
8218	48.4116
8222	161.8213
8224	43.7036
8227	91.531
8228	-10.0
8230	43.7036
8234	147.5565
8237	99.69460000000001
8240	103.8694
8241	-10.0
8243	43.7036
8248	227.99120000000002
8250	47.7527
8256	247.38780000000003
8258	47.7527
8260	48.5723
8262	43.7036
8263	-10.0
8265	47.7527
8267	46.8626
8270	99.03049999999999
8273	110.3617
8276	95.8117
8283	314.2704
8287	153.8691
8290	93.8544
8294	169.4691
8296	43.66
8298	45.5356
8305	319.716
8307	47.7527
8312	306.8225
8315	103.8115
8316	-10.0
8317	-10.0
8319	37.0149
8320	-10.0
8324	165.8587
8329	237.9278
8330	-10.0
8335	223.08329999999998
8337	52.3269
8339	46.6569
8340	-10.0
8347	375.5203
8348	-10.0
8349	-10.0
8350	-10.0
8351	-10.0
8352	-10.0
8353	-10.0
8357	154.24030000000002
8358	-10.0
8359	-10.0
8363	159.51919999999998
8364	-10.0
8366	43.7036
8367	-10.0
8373	282.57039999999995
8374	-10.0
8375	-10.0
8376	-10.0
8378	49.1515
8380	47.0674
8381	-10.0
8385	209.892
8386	-10.0
8389	110.9953
8392	93.8269
8394	43.7036
8401	316.4428
8406	266.7799
8408	52.8708
8409	-10.0
8413	161.69
8414	-10.0
8417	103.92150000000001
8418	-10.0
8420	43.7036
8421	-10.0
8425	201.6292
8428	109.47710000000001
8432	167.0299
8433	-10.0
8437	199.2784
8438	-10.0
8443	200.3983
8444	-10.0
8452	432.79769999999996
8457	203.476
8464	378.3872
8467	101.6597
8468	-10.0
8470	43.7036
8474	170.07819999999998
8477	103.5013
8478	-10.0
8480	48.8412
8483	104.3236
8484	-10.0
8485	-10.0
8486	-10.0
8487	-10.0
8488	-10.0
8489	-10.0
8492	100.8819
8493	-10.0
8495	52.9899
8496	-10.0
8497	-10.0
8498	-10.0
8506	453.4054
8507	-10.0
8513	296.139
8515	50.6303
8516	-10.0
8517	-10.0
8524	346.7509
8525	-10.0
8526	-10.0
8528	50.5913
8533	219.3925
8535	52.8313
8537	90.0
8539	51.9634
8547	373.1016
8548	-10.0
8554	278.95550000000003
8558	190.4641
8559	-10.0
8560	-10.0
8561	-10.0
8562	-10.0
8563	-10.0
8564	-10.0
8567	101.8615
8575	401.67050000000006
8576	-10.0
8585	438.80590000000007
8589	199.69940000000003
8590	-10.0
8595	203.49450000000002
8597	43.7036
8599	52.9893
8600	-10.0
8601	-10.0
8603	39.3917
8606	99.4375
8608	47.7527
8610	39.3917
8612	39.3917
8613	-10.0
8614	-10.0
8616	41.8679
8621	223.88750000000002
8622	-10.0
8623	-10.0
8625	47.7527
8628	108.0831
8634	343.0568
8641	373.7241
8643	50.836
8645	39.3917
8646	-10.0
8650	156.6674
8653	143.7036
8655	39.3917
8658	101.2954
8661	143.7036
8662	-10.0
8666	157.59799999999998
8667	-10.0
8669	50.6447
8674	215.1977
8676	52.4614
8677	-10.0
8678	-10.0
8679	-10.0
8681	47.7527
8684	115.5656
8685	-10.0
8687	47.7527
8690	114.90369999999999
8692	40.9549
8695	106.7962
8701	291.72880000000004
8702	-10.0
8703	-10.0
8706	105.4409
8707	-10.0
8708	-10.0
8716	412.46880000000004
8717	-10.0
8721	170.24099999999999
8723	39.3917
8726	147.7527
8727	-10.0
8728	-10.0
8730	52.8231
8731	-10.0
8733	43.7036
8736	103.7658
8737	-10.0
8738	-10.0
8739	-10.0
8746	314.4603
8755	450.23290000000003
8757	47.2325
8759	39.3917
8760	-10.0
8761	-10.0
8762	-10.0
8763	-10.0
8765	52.8573
8766	-10.0
8767	-10.0
8768	-10.0
8772	161.3838
8773	-10.0
8776	147.7527
8779	103.5959
8781	50.7157
8783	47.7527
8785	51.7562
8789	156.3364
8790	-10.0
8791	-10.0
8793	43.7036
8794	-10.0
8795	-10.0
8806	539.7435
8807	-10.0
8808	-10.0
8811	108.95060000000001
8822	604.7616999999999
8824	90.0
8826	39.3917
8828	50.2222
8829	-10.0
8830	-10.0
8832	48.4873
8837	239.7231
8838	-10.0
8839	-10.0
8844	210.7945
8849	255.1046
8852	96.2784
8853	-10.0
8854	-10.0
8856	44.8616
8858	43.7036
8859	-10.0
8860	-10.0
8862	43.7036
8863	-10.0
8866	148.5568
8871	204.24499999999998
8873	90.0
8875	43.7036
8877	39.4857
8880	111.06309999999999
8881	-10.0
8884	98.3203
8886	49.3077
8888	50.8216
8890	43.7036
8895	306.99080000000004
8898	98.96350000000001
8900	49.1663
8903	104.2109
8904	-10.0
8907	104.3433
8909	45.0534
8911	39.3917
8912	-10.0
8914	43.7036
8917	103.47489999999999
8925	386.3383
8926	-10.0
8928	52.4248
8936	419.50440000000003
8939	152.9967
8942	106.0139
8945	96.33449999999999
8946	-10.0
8947	-10.0
8948	-10.0
8949	-10.0
8951	47.7527
8952	-10.0
8955	101.5974
8956	-10.0
8960	144.1457
8961	-10.0
8962	-10.0
8963	-10.0
8964	-10.0
8965	-10.0
8966	-10.0
8970	163.27460000000002
8971	-10.0
8973	47.8713
8974	-10.0
8978	171.6673
8980	45.3171
8986	315.1618
8987	-10.0
8988	-10.0
8997	505.47130000000004
8998	-10.0
9001	113.3471
9002	-10.0
9003	-10.0
9004	-10.0
9007	99.0812
9008	-10.0
9012	160.76030000000003
9016	167.5735
9017	-10.0
9018	-10.0
9019	-10.0
9023	198.07940000000002
9024	-10.0
9027	93.8269
9030	99.098
9032	39.3917
9036	152.5326
9046	494.37300000000005
9047	-10.0
9048	-10.0
9052	152.4033
9055	106.9435
9056	-10.0
9057	-10.0
9060	95.12780000000001
9064	154.1534
9070	311.0595
9071	-10.0
9072	-10.0
9074	37.1209
9075	-10.0
9081	302.7025
9082	-10.0
9085	89.5475
9086	-10.0
9088	47.7527
9090	43.7036
9091	-10.0
9092	-10.0
9095	101.876
9096	-10.0
9097	-10.0
9098	-10.0
9099	-10.0
9100	-10.0
9101	-10.0
9102	-10.0
9104	39.3917
9108	174.358
9110	49.1368
9111	-10.0
9114	140.071
9116	38.6313
9119	110.85810000000001
9125	252.0256
9126	-10.0
9127	-10.0
9128	-10.0
9132	149.4326
9136	163.3809
9143	350.1197
9146	103.574
9148	43.7036
9152	166.7174
9155	95.91720000000001
9158	105.7851
9159	-10.0
9160	-10.0
9164	199.3392
9166	90.0
9168	37.9343
9170	42.4575
9172	43.7036
9177	225.69410000000002
9180	106.8015
9184	160.8935
9185	-10.0
9189	145.77589999999998
9192	112.54589999999999
9194	49.1988
9197	107.2988
9198	-10.0
9199	-10.0
9200	-10.0
9210	555.0481
9211	-10.0
9212	-10.0
9214	90.0
9264	440.02000000000004
9265	-10.0
9266	-10.0
9267	-10.0
9268	-10.0
9269	-10.0
9270	-10.0
9275	260.5894
9277	47.3772
9278	-10.0
9288	505.96619999999996
9289	-10.0
9290	-10.0
9291	-10.0
9296	208.4423
9298	52.8015
9300	49.0882
9301	-10.0
9303	52.8328
9304	-10.0
9305	-10.0
9306	-10.0
9308	47.7527
9309	-10.0
9311	43.7036
9312	-10.0
9313	-10.0
9316	106.2782
9317	-10.0
9319	43.7036
9322	147.7527
9323	-10.0
9324	-10.0
9330	269.7439
9331	-10.0
9342	562.8117
9343	-10.0
9345	39.3917
9348	141.9468
9351	101.35480000000001
9353	43.7036
9355	51.1511
9358	109.97
9362	241.0249
9363	-10.0
9366	113.7552
9372	259.3078
9374	50.8773
9375	-10.0
9377	43.7036
9378	-10.0
9379	-10.0
9382	104.50280000000001
9384	42.6058
9385	-10.0
9386	-10.0
9388	47.7527
9389	-10.0
9396	336.302
9400	172.41289999999998
9402	47.7527
9403	-10.0
9406	111.83879999999999
9407	-10.0
9410	95.3123
9411	-10.0
9412	-10.0
9414	47.7527
9416	50.8774
9417	-10.0
9418	-10.0
9422	158.7441
9423	-10.0
9428	256.3423
9429	-10.0
9431	52.7434
9432	-10.0
9433	-10.0
9437	185.1249
9440	105.4725
9442	47.7527
9448	284.3749
9449	-10.0
9450	-10.0
9452	43.7036
9454	43.7036
9457	139.39170000000001
9458	-10.0
9460	51.0725
9461	-10.0
9462	-10.0
9466	168.3505
9469	147.17669999999998
9474	200.8693
9475	-10.0
9479	141.8669
9481	47.7527
9485	198.3018
9486	-10.0
9487	-10.0
9491	162.87650000000002
9492	-10.0
9497	216.4613
9500	152.8088
9501	-10.0
9505	202.9829
9509	197.1612
9511	43.7036
9515	169.8911
9517	90.0
9518	-10.0
9520	45.7216
9525	202.3552
9528	150.9331
9529	-10.0
9537	383.7746
9540	150.9826
9541	-10.0
9548	314.159
9551	101.13900000000001
9552	-10.0
9553	-10.0
9554	-10.0
9557	100.0941
9558	-10.0
9560	43.7036
9561	-10.0
9567	401.4563
9568	-10.0
9570	52.9091
9572	43.7036
9573	-10.0
9574	-10.0
9576	43.7036
9579	97.0267
9582	99.08500000000001
9584	50.9212
9585	-10.0
9586	-10.0
9589	93.8269
9590	-10.0
9591	-10.0
9596	254.2405
9598	47.2387
9599	-10.0
9602	96.8394
9605	139.39170000000001
9606	-10.0
9607	-10.0
9608	-10.0
9609	-10.0
9610	-10.0
9611	-10.0
9617	317.9589
9618	-10.0
9619	-10.0
9620	-10.0
9622	50.5057
9623	-10.0
9625	90.0
9626	-10.0
9628	52.8602
9631	110.7424
9635	168.122
9638	143.4467
9639	-10.0
9649	538.653
9652	143.7036
9655	111.441
9656	-10.0
9659	108.9795
9660	-10.0
9663	115.8906
9664	-10.0
9671	353.2853
9672	-10.0
9673	-10.0
9676	111.2459
9680	164.03650000000002
9683	139.39170000000001
9684	-10.0
9686	50.4599
9690	213.8156
9693	112.3518
9694	-10.0
9695	-10.0
9697	90.0
9698	-10.0
9701	115.4175
9702	-10.0
9703	-10.0
9705	47.7527
9711	269.0783
9712	-10.0
9714	50.9398
9717	96.4118
9721	157.88060000000002
9725	167.6013
9726	-10.0
9728	39.3917
9729	-10.0
9730	-10.0
9731	-10.0
9732	-10.0
9733	-10.0
9735	47.7527
9736	-10.0
9737	-10.0
9738	-10.0
9740	47.7527
9741	-10.0
9742	-10.0
9746	169.47430000000003
9747	-10.0
9748	-10.0
9751	93.8269
9753	47.7527
9755	39.3917
9759	162.9393
9766	355.6428
9767	-10.0
9768	-10.0
9769	-10.0
9770	-10.0
9772	47.7527
9773	-10.0
9774	-10.0
9775	-10.0
9777	49.0228
9778	-10.0
9783	204.2975
9784	-10.0
9786	52.9857
9787	-10.0
9791	206.9998
9794	106.7854
9795	-10.0
9799	165.0597
9802	95.9875
9804	43.7036
9805	-10.0
9806	-10.0
9807	-10.0
9812	246.7659
9816	158.5807
9817	-10.0
9822	264.9808
9825	110.6617
9827	47.7527
9830	104.3346
9833	113.7971
9835	43.7036
9841	286.146
9843	46.6909
9844	-10.0
9845	-10.0
9851	318.1681
9853	52.8733
9854	-10.0
9855	-10.0
9858	103.1908
9863	248.2172
9865	50.7027
9869	158.2344
9874	250.29110000000003
9876	43.7036
9878	48.4116
9879	-10.0
9882	101.2149
9884	52.1751
9888	174.6462
9889	-10.0
9890	-10.0
9894	153.8735
9896	44.6343
9898	47.7527
9899	-10.0
9907	435.1122
9911	160.3463
9912	-10.0
9915	93.8269
9919	202.3509
9924	210.28379999999999
9925	-10.0
9926	-10.0
9930	159.2278
9933	109.34100000000001
9940	323.72020000000003
9941	-10.0
9944	93.8269
9947	99.4145
9949	47.7527
9952	102.06909999999999
9961	444.40560000000005
9962	-10.0
9965	111.2531
9966	-10.0
9971	252.2962
9972	-10.0
9976	146.3494
9977	-10.0
9979	51.8261
9980	-10.0
9981	-10.0
9984	143.7036
9985	-10.0
9987	49.0948
9992	210.7735
9998	313.6166
9999	-10.0
10000	-10.0
10006	258.99120000000005
10007	-10.0
10011	148.1043
10013	40.8241
10018	225.06449999999998
10019	-10.0
10021	51.9646
10026	263.5479
10027	-10.0
10029	52.3238
10037	403.94860000000006
10038	-10.0
10039	-10.0
10042	105.9087
10044	43.7036
10045	-10.0
10046	-10.0
10049	107.7926
10051	39.3917
10052	-10.0
10054	49.2632
10056	47.7527
10057	-10.0
10058	-10.0
10061	99.7493
10062	-10.0
10063	-10.0
10065	43.7036
10071	354.8332
10075	161.8492
10076	-10.0
10077	-10.0
10078	-10.0
10080	45.9067
10081	-10.0
10083	90.0
10084	-10.0
10088	158.9583
10090	51.8757
10091	-10.0
10093	43.7036
10094	-10.0
10101	370.10260000000005
10102	-10.0
10104	47.7527
10107	101.6362
10108	-10.0
10109	-10.0
10111	50.3958
10112	-10.0
10113	-10.0
10116	98.7748
10117	-10.0
10118	-10.0
10125	344.7694
10128	106.75710000000001
10130	47.7527
10133	92.2269
10134	-10.0
10135	-10.0
10137	39.3917
10138	-10.0
10139	-10.0
10140	-10.0
10141	-10.0
10142	-10.0
10143	-10.0
10144	-10.0
10145	-10.0
10148	93.8269
10149	-10.0
10151	43.7036
10155	155.1616
10156	-10.0
10157	-10.0
10160	109.51589999999999
10162	52.9136
10168	306.7317
10169	-10.0
10170	-10.0
10173	99.4803
10175	39.3917
10177	43.0955
10178	-10.0
10179	-10.0
10180	-10.0
10181	-10.0
10182	-10.0
10183	-10.0
10184	-10.0
10191	367.2227
10192	-10.0
10194	40.5479
10195	-10.0
10196	-10.0
10197	-10.0
10198	-10.0
10199	-10.0
10200	-10.0
10204	168.4093
10205	-10.0
10206	-10.0
10207	-10.0
10212	228.1273
10213	-10.0
10215	50.5162
10216	-10.0
10218	44.9349
10224	270.129
10225	-10.0
10226	-10.0
10227	-10.0
10228	-10.0
10229	-10.0
10230	-10.0
10231	-10.0
10233	50.7119
10236	103.57249999999999
10237	-10.0
10240	93.8269
10243	107.04939999999999
10247	208.3254
10248	-10.0
10253	214.979
10260	449.05
10261	-10.0
10262	-10.0
10263	-10.0
10264	-10.0
10269	217.8722
10270	-10.0
10272	39.3917
10273	-10.0
10277	145.6037
10280	104.9632
10284	185.1249
10289	239.7231
10290	-10.0
10291	-10.0
10295	165.1235
10296	-10.0
10298	51.9929
10300	41.3921
10304	144.2695
10306	49.066
10309	106.2762
10311	36.5898
10312	-10.0
10315	104.2237
10316	-10.0
10319	105.6292
10328	469.6938
10329	-10.0
10332	106.4552
10333	-10.0
10339	272.48780000000005
10340	-10.0
10341	-10.0
10343	52.2005
10346	103.2516
10348	49.3288
10349	-10.0
10350	-10.0
10351	-10.0
10352	-10.0
10354	43.7036
10358	162.726
10359	-10.0
10360	-10.0
10361	-10.0
10365	145.595
10366	-10.0
10370	208.7036
10371	-10.0
10372	-10.0
10373	-10.0
10375	47.7527
10377	47.7527
10379	90.0
10380	-10.0
10382	47.7527
10386	163.3838
10387	-10.0
10389	48.9397
10390	-10.0
10391	-10.0
10396	221.5281
10397	-10.0
10398	-10.0
10399	-10.0
10401	43.7036
10403	47.7527
10404	-10.0
10409	257.4081
10411	43.7036
10413	39.3917
10416	95.9253
10417	-10.0
10418	-10.0
10422	156.5613
10423	-10.0
10425	43.7036
10428	108.8485
10440	605.5296
10441	-10.0
10443	39.3917
10446	107.69489999999999
10447	-10.0
10450	110.9066
10454	141.8435
10455	-10.0
10457	52.8465
10458	-10.0
10460	43.7036
10462	52.9101
10468	276.5234
10469	-10.0
10470	-10.0
10473	104.9872
10474	-10.0
10475	-10.0
10477	49.3506
10481	205.5402
10485	139.8742
10487	43.7036
10491	160.7643
10493	52.316
10494	-10.0
10495	-10.0
10499	157.51839999999999
10500	-10.0
10501	-10.0
10502	-10.0
10509	408.76070000000004
10510	-10.0
10511	-10.0
10514	103.4742
10519	208.6503
10521	49.2953
10522	-10.0
10524	47.7527
10527	99.8361
10534	339.2692
10538	212.13830000000002
10542	167.3211
10544	47.7527
10545	-10.0
10548	139.39170000000001
10550	90.0
10552	40.9921
10555	109.2784
10556	-10.0
10558	43.7036
10562	146.54829999999998
10577	763.5608
10587	578.3252
10588	-10.0
10594	244.6282
10600	269.5402
10603	107.4497
10604	-10.0
10608	163.9401
10612	160.5343
10615	107.5096
10617	43.7036
10619	39.3917
10620	-10.0
10621	-10.0
10623	43.7036
10626	95.6041
10628	47.7527
10629	-10.0
10631	50.2395
10632	-10.0
10633	-10.0
10634	-10.0
10637	151.9914
10639	48.4795
10640	-10.0
10641	-10.0
10642	-10.0
10644	50.4112
10645	-10.0
10646	-10.0
10647	-10.0
10649	48.8515
10650	-10.0
10651	-10.0
10657	265.1506
10668	612.5622
10670	50.1835
10671	-10.0
10679	387.03440000000006
10680	-10.0
10681	-10.0
10682	-10.0
10684	52.1539
10691	366.3328
10693	45.3287
10699	271.1084
10704	217.89280000000002
10706	50.3794
10710	156.0513
10711	-10.0
10712	-10.0
10719	314.43199999999996
10721	47.7527
10722	-10.0
10723	-10.0
10728	192.271
10730	47.7527
10738	432.83540000000005
10741	109.4273
10743	39.3917
10745	43.7036
10749	207.4348
10751	90.0
10755	144.1457
10757	52.9196
10759	90.0
10760	-10.0
10764	198.9828
10771	367.1522
10776	205.34349999999998
10778	43.7036
10779	-10.0
10781	43.7036
10782	-10.0
10784	39.3917
10785	-10.0
10786	-10.0
10788	51.1312
10791	152.48669999999998
10793	48.6105
10795	43.7036
10796	-10.0
10846	59.0654
10848	47.4604
10850	42.3705
10852	43.7036
10853	-10.0
10864	599.595
10866	52.8464
10868	52.9958
10870	52.9857
10875	266.7361
10876	-10.0
10878	42.7044
10880	46.8439
10886	266.0351
10893	366.1834
10900	314.5193
10901	-10.0
10904	102.3846
10906	51.1387
10911	209.2288
10912	-10.0
10913	-10.0
10915	48.3957
10916	-10.0
10917	-10.0
10918	-10.0
10920	49.1484
10925	203.02499999999998
10928	102.7783
10931	106.59309999999999
10932	-10.0
10933	-10.0
10935	45.6759
10936	-10.0
10942	355.5495
10944	48.966
10946	50.4025
10960	723.34
10965	195.14409999999998
10966	-10.0
10970	156.5221
10971	-10.0
10973	43.9371
10976	114.1103
10977	-10.0
10979	43.7036
10981	52.9797
10984	103.7385
10985	-10.0
10987	47.7527
10991	208.5964
10993	47.7527
10994	-10.0
10995	-10.0
10996	-10.0
10998	52.8496
11001	107.5069
11002	-10.0
11003	-10.0
11004	-10.0
11005	-10.0
11009	151.1048
11010	-10.0
11011	-10.0
11012	-10.0
11014	39.3917
11017	139.39170000000001
11018	-10.0
11019	-10.0
11020	-10.0
11021	-10.0
11022	-10.0
11023	-10.0
11025	43.7036
11026	-10.0
11027	-10.0
11028	-10.0
11030	43.7036
11031	-10.0
11039	387.28130000000004
11041	41.2748
11047	265.1011
11048	-10.0
11056	478.2643
11058	47.7527
11060	47.3291
11061	-10.0
11072	593.4070000000002
11073	-10.0
11074	-10.0
11077	96.4103
11078	-10.0
11080	90.0
11081	-10.0
11085	156.5431
11086	-10.0
11087	-10.0
11090	102.384
11092	90.0
11095	113.2902
11097	52.8448
11098	-10.0
11099	-10.0
11101	47.7527
11102	-10.0
11104	48.857
11105	-10.0
11109	156.51999999999998
11113	161.4678
11114	-10.0
11121	320.9188
11122	-10.0
11124	50.2041
11125	-10.0
11131	270.9991
11132	-10.0
11134	45.667
11141	414.9503
11144	97.3994
11148	158.5453
11149	-10.0
11152	103.7585
11155	105.767
11156	-10.0
11158	51.9417
11163	222.71390000000002
11164	-10.0
11166	52.0363
11167	-10.0
11169	43.7036
11170	-10.0
11172	47.7527
11175	139.39170000000001
11176	-10.0
11178	47.7527
11179	-10.0
11185	319.5253
11189	171.6808
11192	99.543
11193	-10.0
11194	-10.0
11201	306.8998
11204	104.1785
11205	-10.0
11207	47.3501
11209	44.6674
11211	39.3917
11213	47.7527
11214	-10.0
11215	-10.0
11217	47.7527
11219	52.2381
11223	172.5175
11227	203.773
11229	43.7036
11232	99.6229
11235	110.7757
11236	-10.0
11238	41.3441
11241	96.3909
11243	43.7036
11244	-10.0
11245	-10.0
11251	335.21849999999995
11255	161.6389
11256	-10.0
11260	169.3542
11262	43.7036
11266	165.6353
11267	-10.0
11270	97.6248
11273	93.8269
11276	106.5252
11278	47.7527
11280	43.7036
11284	158.8732
11286	47.7527
11288	52.7054
11289	-10.0
11294	272.7211
11295	-10.0
11296	-10.0
11297	-10.0
11298	-10.0
11299	-10.0
11305	294.129
11307	40.8718
11312	228.88510000000002
11315	115.572
11320	268.056
11322	43.0062
11323	-10.0
11325	48.8883
11326	-10.0
11331	266.3885
11332	-10.0
11333	-10.0
11335	47.7993
11339	189.5475
11343	205.49349999999998
11345	39.3917
11349	164.3087
11351	39.3917
11352	-10.0
11353	-10.0
11358	262.1958
11359	-10.0
11360	-10.0
11361	-10.0
11363	39.3917
11366	140.32670000000002
11367	-10.0
11369	41.1065
11371	39.3917
11372	-10.0
11374	47.7527
11377	111.0376
11388	720.7203999999999
11390	49.3177
11394	169.5917
11395	-10.0
11397	52.6973
11398	-10.0
11399	-10.0
11400	-10.0
11403	103.56129999999999
11407	160.4519
11408	-10.0
11412	165.8278
11413	-10.0
11414	-10.0
11418	167.507
11419	-10.0
11422	106.4223
11426	170.617
11430	172.583
11434	164.11860000000001
11435	-10.0
11436	-10.0
11437	-10.0
11444	467.2804
11445	-10.0
11446	-10.0
11447	-10.0
11457	565.8860000000001
11459	47.7527
11465	258.993
11467	43.7036
11469	47.7527
11470	-10.0
11471	-10.0
11478	339.7543
11480	52.7604
11481	-10.0
11485	205.6602
11490	216.5331
